   1  1.880512244543106 
   2  1.883195516415424 
   3  1.835862552232841 
   4  2.016152296602915 
   5  2.028276757145754 
   6  1.972500916604548 
   7  2.021988909215723 
   8  2.035485187289138 
   9  2.057022838625369 
  10  1.962558809711787 
  11  1.930372759422938 
  12  2.038514938002236 
  13  2.039774355196196 
  14  2.053107511065408 
  15  2.055211089202200 
  16  2.001102985653177 
  17  2.049145617798784 
  18  2.052260118890427 
  19  2.008576575139640 
  20  2.064018375628031 
  21  2.071360740113367 
  22  2.081247000410512 
  23  2.057337239067055 
  24  2.062282081646863 
  25  2.050294388882921 
  26  2.102410438518261 
  27  0.843281953292328 
  28  1.043832347173365 
  29  0.896202934220547 
  30  2.031079434700376 
  31  2.098627983385762 
  32  1.917080724443055 
  33  2.268045032241282 
  34  2.252810716257265 
  35  2.460187708841427 
  36  1.860121165890978 
  37  0.970891299952261 
  38  1.946842292649364 
  39  1.620617971971676 
  40 25.752532065303392 
  41 25.752532065303392 
  42 25.752532065303392 
  43 16.752532075316122 
  44 16.752532075316122 
  45 16.752532075316122 
  46 12.752532114901927 
  47 12.752532114901927 
  48 12.752532114901927 
  49 12.752532065303390 
  50 18.752532065303388 
  51 14.752532075316122 
  52 12.752532114901927 
  53  0.209363204891363 
  54  0.209209756401594 
  55  0.208863306717818 
  56  0.109596616957251 
  57  0.096219539466623 
  58  0.088776761137774 
  59  0.196466546869008 
  60  0.175536904890564 
  61  0.165018535167489 
  62  0.263433130024935 
  63  0.236614613201657 
  64  0.094093301451113 
  65  0.130226656841919 
  66  2.073895274440162 
  67  2.076804181517180 
  68  2.024188703295466 
  69  2.219620451431131 
  70  2.232854346306724 
  71  2.170879793908833 
  72  2.227560676610705 
  73  2.242102771584949 
  74  2.265232547963207 
  75  2.164042175984413 
  76  2.129831014854255 
  77  2.244542244227801 
  78  2.247321552208624 
  79  3.750410732907495 
  80  4.102263330452817 
  81  0.776997671947743 
  82  0.776997671947743 
  83  0.776997671947743 
  84  0.776997671947743 
  85  0.776997671947743 
  86  0.776997671947743 
  87  0.776997671947743 
  88  0.776997671947743 
  89  0.776997671947743 
  90  0.776997671947743 
  91  0.776997671947743 
  92  0.640387746665453 
  93  0.005193216085570 
  94  0.792256837818489 
  95  0.792256837818489 
  96  0.792256837818489 
  97  0.792256837818489 
  98  0.792256837818489 
  99  0.792256837818489 
 100  0.792256837818489 
 101  0.792256837818489 
 102  0.792256837818489 
 103  0.792256837818489 
 104  0.792256837818489 
 105  0.140423661997166 
 106  0.005157344560341 
 107  0.775549755689508 
 108  0.775549755689508 
 109  0.775549755689508 
 110  0.775549755689508 
 111  0.775549755689508 
 112  0.775549755689508 
 113  0.775549755689508 
 114  0.775549755689508 
 115  0.775549755689508 
 116  0.775202797123757 
 117  0.046319657106346 
 118  0.008566118719881 
 119  0.001399847699678 
 120  0.435738890162161 
 121  0.435738890162161 
 122  0.435738890162160 
 123  0.435738890162160 
 124  0.435738890162160 
 125  0.435738890162160 
 126  0.435738890162160 
 127  0.435738890162160 
 128  0.435738890162160 
 129  0.435738890162160 
 130  0.435738890162160 
 131  0.435738890162160 
 132  0.426883747128205 
 133  0.856900456138609 
 134  0.856900456138609 
 135  0.856900456123727 
 136  0.856900456123727 
 137  0.856900456123727 
 138  0.856900456123727 
 139  0.856900456123727 
 140  0.856900456123727 
 141  0.856900456123727 
 142  0.856900456123727 
 143  0.856900456123727 
 144  0.706242209021429 
 145  0.005727261980211 
 146  0.873707641768960 
 147  0.873707641768960 
 148  0.873707641762272 
 149  0.873707641762272 
 150  0.873707641762272 
 151  0.873707641762272 
 152  0.873707641762272 
 153  0.873707641762272 
 154  0.873707641762272 
 155  0.873707641762272 
 156  0.873707641762272 
 157  0.154860415870014 
 158  0.005687563841752 
 159  0.855107073464582 
 160  0.855107073464582 
 161  0.855107073436785 
 162  0.855107073436785 
 163  0.855107073436785 
 164  0.855107073436785 
 165  0.855107073436785 
 166  0.855107073436785 
 167  0.855107073436785 
 168  0.854724523253753 
 169  0.051071212147394 
 170  0.009444846859404 
 171  0.001543446643019 
 172  0.480762173070518 
 173  0.480762173070518 
 174  0.480762173051630 
 175  0.480762173051630 
 176  0.480762173051630 
 177  0.480762173051630 
 178  0.480762173051630 
 179  0.480762173051630 
 180  0.480762173051630 
 181  0.480762173051630 
 182  0.480762173051630 
 183  0.480762173051630 
 184  0.470992061020408 
