5466.00
5445.00
5443.00
5442.00
5441.00
5439.00
5438.00
5437.00
5435.00
5433.00
5431.00
5428.00
5425.00
5421.00
5417.00
5412.00
5403.00
5389.00
5371.00
5348.00
5328.00
5301.00
5266.00
5215.00
5140.00
5048.00
4994.00
4985.00
4978.00
4974.00
4970.00
4967.00
4966.00
4965.00
4964.00
4963.00
4962.00
4962.00
4961.00
4961.00
4960.00
4959.00
4959.00
4958.00
4958.00
4957.00
4956.00
4955.00
4954.00
4953.00
4953.00
4952.00
4952.00
4952.00
4951.00
4951.00
4950.00
4949.00
4949.00
4948.00
4947.00
4947.00
4947.00
4947.00
4947.00
4947.00
4947.00
4947.00
4947.00
4947.00
4947.00
4947.00
4947.00
4947.00
4947.00
4948.00
4948.00
4948.00
4948.00
4948.00
4948.00
4949.00
4949.00
4949.00
4949.00
4949.00
4949.00
4949.00
4949.00
4949.00
4949.00
4949.00
4950.00
4950.00
4950.00
4950.00
4950.00
4950.00
4950.00
4950.00
4950.00
4950.00
4950.00
4950.00
4951.00
4951.00
4951.00
4951.00
4951.00
4951.00
4951.00
4951.00
4951.00
4951.00
4951.00
4951.00
4951.00
4951.00
4952.00
4952.00
4952.00
4952.00
4952.00
4952.00
4952.00
4952.00
4952.00
4952.00
4952.00
4952.00
4952.00
4952.00
4952.00
4952.00
4952.00
4952.00
4952.00
4952.00
4952.00
4952.00
4952.00
4952.00
4952.00
4952.00
4952.00
4952.00
4952.00
4952.00
4952.00
4952.00
4952.00
4952.00
4952.00
4953.00
4952.00
4953.00
4953.00
4953.00
4953.00
4953.00
4953.00
4953.00
4953.00
4953.00
4953.00
4953.00
4953.00
4953.00
4953.00
4953.00
4953.00
4953.00
4953.00
4953.00
4953.00
4953.00
4953.00
4953.00
4953.00
4953.00
4960.00
4998.00
5272.00
5637.00
5846.00
5981.00
6065.00
6125.00
6181.00
6220.00
6248.00
6274.00
6292.00
6311.00
6325.00
6341.00
6363.00
6390.00
6423.00
6466.00
6500.00
6500.00
6500.00
6500.00
6500.00
6500.00
6500.00
6500.00
6500.00
6500.00
6500.00
6500.00
6500.00
6500.00
6500.00
6500.00
6500.00
6500.00
6500.00
6500.00
6500.00
6500.00
6500.00
6500.00
6500.00
6500.00
6500.00
6500.00
6500.00
6500.00
6500.00
6500.00
6500.00
6500.00
6500.00
6500.00
6500.00
6500.00
6500.00
6500.00
6500.00
6500.00
6500.00
6500.00
6500.00
6500.00
6500.00
6500.00
6500.00
6500.00
6500.00
6500.00
6500.00
6500.00
6500.00
6500.00
6500.00
6500.00
6500.00
6500.00
6500.00
6500.00
6500.00
6500.00
6500.00
6500.00
6500.00
6500.00
6500.00
6500.00
6500.00
6500.00
6500.00
6500.00
6500.00
6500.00
6500.00
6500.00
6500.00
6500.00
6500.00
6500.00
6500.00
6500.00
6500.00
6500.00
6500.00
6500.00
6500.00
6500.00
6500.00
6500.00
6500.00
6500.00
6500.00
6500.00
6500.00
6500.00
6500.00
6500.00
6500.00
6500.00
6500.00
6500.00
6500.00
6500.00
6500.00
6500.00
6500.00
6500.00
6500.00
6500.00
6500.00
6500.00
6500.00
6500.00
6500.00
6500.00
6500.00
6500.00
6500.00
6500.00
6500.00
6500.00
6500.00
6500.00
6500.00
6500.00
6500.00
6500.00
6500.00
6500.00
6500.00
6500.00
6500.00
6500.00
6500.00
6500.00
6500.00
6500.00
6500.00
6500.00
6500.00
6500.00
6500.00
6500.00
6500.00
6500.00
6500.00
6500.00
6500.00
6500.00
6500.00
6500.00
6500.00
6500.00
6500.00
6500.00
6500.00
6500.00
6500.00
6500.00
6500.00
6500.00
6500.00
6500.00
6500.00
6500.00
6500.00
6500.00
6500.00
6500.00
6500.00
6500.00
6500.00
6500.00
6500.00
6500.00
6500.00
6500.00
6500.00
6500.00
6500.00
6500.00
6500.00
6500.00
6500.00
6500.00
6500.00
6500.00
6500.00
6500.00
6500.00
6500.00
6500.00
6500.00
6500.00
6500.00
6500.00
6500.00
6500.00
6500.00
6500.00
6500.00
6500.00
6500.00
6500.00
6500.00
6500.00
6500.00
6500.00
6500.00
6500.00
6500.00
6500.00
6500.00
6500.00
6500.00
6500.00
6500.00
6500.00
6500.00
6500.00
6500.00
6500.00
6500.00
6500.00
6500.00
6500.00
6500.00
6500.00
6500.00
6500.00
6500.00
6500.00
6500.00
6500.00
6500.00
6500.00
6500.00
6500.00
6500.00
6500.00
6500.00
6500.00
6500.00
6500.00
6500.00
6500.00
6500.00
6500.00
6500.00
6500.00
6500.00
6500.00
6500.00
6500.00
6500.00
6500.00
6500.00
6500.00
6500.00
6500.00
6500.00
6500.00
6500.00
6500.00
6500.00
6500.00
6500.00
6500.00
6500.00
6500.00
6500.00
6500.00
6500.00
6500.00
6500.00
6500.00
6500.00
6500.00
6500.00
6500.00
6500.00
6500.00
6500.00
6500.00
6500.00
6500.00
6500.00
6500.00
6500.00
6500.00
6500.00
6500.00
6500.00
6500.00
6500.00
6500.00
6500.00
6500.00
6500.00
6500.00
6500.00
6500.00
6500.00
6500.00
6500.00
6500.00
6500.00
6500.00
6500.00
6500.00
6500.00
6500.00
6500.00
6500.00
6500.00
6500.00
6500.00
6500.00
6500.00
6500.00
6500.00
6500.00
6500.00
6500.00
6500.00
6500.00
6500.00
6500.00
6500.00
6500.00
6500.00
6500.00
6500.00
6500.00
6500.00
6500.00
6500.00
6500.00
6500.00
6500.00
6500.00
6500.00
6500.00
6500.00
6500.00
6500.00
6500.00
6500.00
6500.00
6500.00
6500.00
6500.00
6500.00
6500.00
6500.00
6500.00
6500.00
6500.00
6500.00
6500.00
6500.00
6500.00
6500.00
6500.00
6500.00
6500.00
6500.00
6500.00
6500.00
6500.00
6500.00
6500.00
6500.00
6500.00
6500.00
6500.00
6500.00
6500.00
6500.00
6500.00
6500.00
6500.00
6500.00
6500.00
6500.00
6500.00
6500.00
6500.00
6500.00
6500.00
6500.00
6500.00
6500.00
6500.00
6500.00
6500.00
6500.00
6500.00
6500.00
6500.00
6500.00
6500.00
6500.00
6500.00
6500.00
6500.00
6500.00
6500.00
6500.00
6500.00
6500.00
6500.00
6500.00
6500.00
6500.00
6500.00
6500.00
6500.00
6500.00
6500.00
6500.00
6500.00
6500.00
6500.00
6500.00
6500.00
6500.00
6500.00
6500.00
6500.00
6500.00
6500.00
6500.00
6500.00
6500.00
6500.00
6500.00
6500.00
6500.00
6500.00
6500.00
6500.00
6500.00
6500.00
6500.00
6500.00
6500.00
6500.00
6500.00
6500.00
6500.00
6500.00
6500.00
6500.00
6500.00
6500.00
6500.00
6500.00
6500.00
6500.00
6500.00
6500.00
6500.00
6500.00
6500.00
6500.00
6500.00
6500.00
6500.00
6500.00
6500.00
6500.00
6500.00
6500.00
6500.00
6500.00
6500.00
6500.00
6500.00
6500.00
6500.00
6500.00
6500.00
6500.00
6500.00
6500.00
6500.00
6500.00
6500.00
6500.00
6500.00
6500.00
6500.00
6500.00
6500.00
6500.00
6500.00
6500.00
6500.00
6500.00
6500.00
6500.00
6500.00
6500.00
6500.00
6500.00
6500.00
6500.00
6500.00
6500.00
6500.00
6500.00
6500.00
6500.00
6500.00
6500.00
6500.00
6500.00
6500.00
6500.00
6500.00
6500.00
6500.00
6500.00
6500.00
6500.00
6500.00
6500.00
6500.00
6500.00
6500.00
6500.00
6500.00
6500.00
6500.00
6500.00
6500.00
6500.00
6500.00
6500.00
6500.00
6500.00
6500.00
6500.00
6500.00
6500.00
6500.00
6500.00
6500.00
6500.00
6500.00
6500.00
6500.00
6500.00
6500.00
6500.00
6500.00
6500.00
6500.00
6500.00
6500.00
6500.00
6500.00
6500.00
6500.00
6500.00
6500.00
6500.00
6500.00
6500.00
6500.00
6500.00
6500.00
6500.00
6500.00
6500.00
6500.00
6500.00
6500.00
6500.00
6500.00
6500.00
6500.00
6500.00
6500.00
6500.00
6500.00
6500.00
6500.00
6500.00
6500.00
6500.00
6500.00
6500.00
6500.00
6500.00
6500.00
6500.00
6500.00
6500.00
6500.00
6500.00
6500.00
6500.00
6500.00
6500.00
6500.00
6500.00
6500.00
6500.00
6500.00
6500.00
6500.00
6500.00
6500.00
6500.00
6500.00
6500.00
6500.00
6500.00
6500.00
6500.00
6500.00
6500.00
6500.00
6500.00
6500.00
6500.00
6500.00
6500.00
6500.00
6500.00
6500.00
6500.00
6500.00
6500.00
6500.00
6500.00
6500.00
6500.00
6500.00
6500.00
6500.00
6500.00
6500.00
6500.00
6500.00
6500.00
6500.00
6500.00
6500.00
6500.00
6500.00
6500.00
6500.00
6500.00
6500.00
6500.00
6500.00
6500.00
6500.00
6500.00
6500.00
6500.00
6500.00
6500.00
6500.00
6500.00
6500.00
6500.00
6500.00
6500.00
6500.00
6500.00
6500.00
6500.00
6500.00
6500.00
6500.00
6500.00
6500.00
6500.00
6500.00
6500.00
6500.00
6500.00
6500.00
6500.00
6500.00
6500.00
6500.00
6500.00
6500.00
6500.00
6500.00
6500.00
6500.00
6500.00
6500.00
6500.00
6500.00
6500.00
6500.00
6500.00
6500.00
6500.00
6500.00
6500.00
6500.00
6500.00
6500.00
6500.00
6500.00
6500.00
6500.00
6500.00
6500.00
6500.00
6500.00
6500.00
6500.00
6500.00
6500.00
6500.00
6500.00
6500.00
6500.00
6500.00
6500.00
6500.00
6500.00
6500.00
6500.00
6500.00
6500.00
6500.00
6500.00
6500.00
6500.00
6500.00
6500.00
6500.00
6500.00
6500.00
6500.00
6500.00
6500.00
6500.00
6500.00
6500.00
6500.00
6500.00
6500.00
6500.00
6500.00
6500.00
6500.00
6500.00
6500.00
6500.00
6500.00
6500.00
6500.00
6500.00
6500.00
6500.00
6500.00
6500.00
6500.00
6500.00
6500.00
6500.00
6500.00
6500.00
6500.00
6500.00
6500.00
6500.00
6500.00
6500.00
6500.00
6500.00
6500.00
6500.00
6500.00
6500.00
6500.00
6500.00
6500.00
6500.00
6500.00
6500.00
6500.00
6500.00
6500.00
6500.00
6500.00
6500.00
6500.00
6500.00
6500.00
6500.00
6500.00
6500.00
6500.00
6500.00
6500.00
6500.00
6500.00
6500.00
6500.00
6500.00
6500.00
6500.00
6500.00
6500.00
6500.00
6500.00
6500.00
6500.00
6500.00
6500.00
6500.00
6500.00
6500.00
6500.00
6500.00
6500.00
6500.00
6500.00
6500.00
6500.00
6500.00
6500.00
6500.00
6500.00
6500.00
6500.00
6500.00
6500.00
6500.00
6500.00
6500.00
6500.00
6500.00
6500.00
6500.00
6500.00
6500.00
6500.00
6500.00
6500.00
6500.00
6500.00
6500.00
6500.00
6500.00
6500.00
6500.00
6500.00
6500.00
6500.00
6500.00
6500.00
6500.00
6500.00
6500.00
6500.00
6500.00
6500.00
6500.00
6500.00
6500.00
6500.00
6500.00
6500.00
6500.00
6500.00
6500.00
6500.00
6500.00
6500.00
6500.00
6500.00
6500.00
6500.00
6500.00
6500.00
6500.00
6500.00
6500.00
6500.00
6500.00
6500.00
6500.00
6500.00
6500.00
6500.00
6500.00
6500.00
6500.00
6500.00
6500.00
6500.00
6500.00
6500.00
6500.00
6500.00
6500.00
6500.00
6500.00
6500.00
6500.00
6500.00
6500.00
6500.00
6500.00
6500.00
6500.00
6500.00
6500.00
6500.00
6500.00
6500.00
6500.00
6500.00
6500.00
6500.00
6500.00
6500.00
6500.00
6500.00
6500.00
6500.00
6500.00
6500.00
6500.00
6500.00
6500.00
6500.00
6500.00
6500.00
6500.00
6500.00
6500.00
6500.00
6500.00
6500.00
6500.00
6500.00
6500.00
6500.00
6500.00
6500.00
6500.00
6500.00
6500.00
6500.00
6500.00
6500.00
6500.00
6500.00
6500.00
6500.00
6500.00
6500.00
6500.00
6500.00
6500.00
6500.00
6500.00
6500.00
6500.00
6500.00
6500.00
6500.00
6500.00
6500.00
6500.00
6500.00
6500.00
6500.00
6500.00
6500.00
6500.00
6500.00
6500.00
6500.00
6500.00
6500.00
6500.00
6500.00
6500.00
6500.00
6500.00
6500.00
6500.00
6500.00
6500.00
6500.00
6500.00
6500.00
6500.00
6500.00
6500.00
6500.00
6500.00
6500.00
6500.00
6500.00
6500.00
6500.00
6500.00
6500.00
6500.00
6500.00
6500.00
6500.00
6500.00
6500.00
6500.00
6500.00
6500.00
6500.00
6500.00
6500.00
6500.00
6500.00
6500.00
6500.00
6500.00
6500.00
6500.00
6500.00
6500.00
6500.00
6500.00
6500.00
6500.00
6500.00
6500.00
6500.00
6500.00
6500.00
6500.00
6500.00
6500.00
6500.00
6500.00
6500.00
6500.00
6500.00
6500.00
6500.00
6500.00
6500.00
6500.00
6500.00
6500.00
6500.00
6500.00
6500.00
6500.00
6500.00
6500.00
6500.00
6500.00
6500.00
6500.00
6500.00
6500.00
6500.00
6500.00
6500.00
6500.00
6500.00
6500.00
6500.00
6500.00
6500.00
6500.00
6500.00
6500.00
6500.00
6500.00
6500.00
6500.00
6500.00
6500.00
6500.00
6500.00
6500.00
6500.00
6500.00
6500.00
6500.00
6500.00
6500.00
6500.00
6500.00
6500.00
6500.00
6500.00
6500.00
6500.00
6500.00
6500.00
6500.00
6500.00
6500.00
6500.00
6500.00
6500.00
6500.00
6500.00
6500.00
6500.00
6500.00
6500.00
6500.00
6500.00
6500.00
6500.00
6500.00
6500.00
6500.00
6500.00
6500.00
6500.00
6500.00
6500.00
6500.00
6500.00
6500.00
6500.00
6500.00
6500.00
6500.00
6500.00
6500.00
6500.00
6500.00
6500.00
6500.00
6500.00
6500.00
6500.00
6500.00
6500.00
6500.00
6500.00
6500.00
6500.00
6500.00
6500.00
6500.00
6500.00
6500.00
6500.00
6500.00
6500.00
6500.00
6500.00
6500.00
6500.00
6500.00
6500.00
6500.00
6500.00
6500.00
6500.00
6500.00
6500.00
6500.00
6500.00
6500.00
6500.00
6500.00
6500.00
6500.00
6500.00
6500.00
6500.00
6500.00
6500.00
6500.00
6500.00
6500.00
6500.00
6500.00
6500.00
6500.00
6500.00
6500.00
6500.00
6500.00
6500.00
6500.00
6500.00
6500.00
6500.00
6500.00
6500.00
6500.00
6500.00
6500.00
6500.00
6500.00
6500.00
6500.00
6500.00
6500.00
6500.00
6500.00
6500.00
6500.00
6500.00
6500.00
6500.00
6500.00
6500.00
6500.00
6500.00
6500.00
6500.00
6500.00
6500.00
6500.00
6500.00
6500.00
6500.00
6500.00
6500.00
6500.00
6500.00
6500.00
6500.00
6500.00
6500.00
6500.00
6500.00
6500.00
6500.00
6500.00
6500.00
6500.00
6500.00
6500.00
6500.00
6500.00
6500.00
6500.00
6500.00
6500.00
6500.00
6500.00
6500.00
6500.00
6500.00
6500.00
6500.00
6500.00
6500.00
6500.00
6500.00
6500.00
6500.00
6500.00
6500.00
6500.00
6500.00
6500.00
6500.00
6500.00
6500.00
6500.00
6500.00
6500.00
6500.00
6500.00
6500.00
6500.00
6500.00
6500.00
6500.00
6500.00
6500.00
6500.00
6500.00
6500.00
6500.00
6500.00
6500.00
6500.00
6500.00
6500.00
6500.00
6500.00
6500.00
6500.00
6500.00
6500.00
6500.00
6500.00
6500.00
6500.00
6500.00
6500.00
6500.00
6500.00
6500.00
6500.00
6500.00
6500.00
6500.00
6500.00
6500.00
6500.00
6500.00
6500.00
6500.00
6500.00
6500.00
6500.00
6500.00
6500.00
6500.00
6500.00
6500.00
6500.00
6500.00
6500.00
6500.00
6500.00
6500.00
6500.00
6500.00
6500.00
6500.00
6500.00
6500.00
6500.00
6500.00
6500.00
6500.00
6500.00
6500.00
6500.00
6500.00
6500.00
6500.00
6500.00
6500.00
6500.00
6500.00
6500.00
6500.00
6500.00
6500.00
6500.00
6500.00
6500.00
6500.00
6500.00
6500.00
6500.00
6500.00
6500.00
6500.00
6500.00
6500.00
6500.00
6500.00
6500.00
6500.00
6500.00
6500.00
6500.00
6500.00
6500.00
6500.00
6500.00
6500.00
6500.00
6500.00
6500.00
6500.00
6500.00
6500.00
6500.00
6500.00
6500.00
6500.00
6500.00
6500.00
6500.00
6500.00
6500.00
6500.00
6500.00
6500.00
6500.00
6500.00
6500.00
6500.00
6500.00
6500.00
6500.00
6500.00
6500.00
6500.00
6500.00
6500.00
6500.00
6500.00
6500.00
6500.00
6500.00
6500.00
6500.00
6500.00
6500.00
6500.00
6500.00
6500.00
6500.00
6500.00
6500.00
6500.00
6500.00
6500.00
6500.00
6500.00
6500.00
6500.00
6500.00
6500.00
6500.00
6500.00
6500.00
6500.00
6500.00
6500.00
6500.00
6500.00
6500.00
6500.00
6500.00
6500.00
6500.00
6500.00
6500.00
6500.00
6500.00
6500.00
6500.00
6500.00
6500.00
6500.00
6500.00
6500.00
6500.00
6500.00
6500.00
6500.00
6500.00
6500.00
6500.00
6500.00
6500.00
6500.00
6500.00
6500.00
6500.00
6500.00
6500.00
6500.00
6500.00
6500.00
6500.00
6500.00
6500.00
6500.00
6500.00
6500.00
6500.00
6500.00
6500.00
6500.00
6500.00
6500.00
6500.00
6500.00
6500.00
6500.00
6500.00
6500.00
6500.00
6500.00
6500.00
6500.00
6500.00
6500.00
6500.00
6500.00
6500.00
6500.00
6500.00
6500.00
6500.00
6500.00
6500.00
6500.00
6500.00
6500.00
6500.00
6500.00
6500.00
6500.00
6500.00
6500.00
6500.00
6500.00
6500.00
6500.00
6500.00
6500.00
6500.00
6500.00
6500.00
6500.00
6500.00
6500.00
6500.00
6500.00
6500.00
6500.00
6500.00
6500.00
6500.00
6500.00
6500.00
6500.00
6500.00
6500.00
6500.00
6500.00
6500.00
6500.00
6500.00
6500.00
6500.00
6500.00
6500.00
6500.00
6500.00
6500.00
6500.00
6500.00
6500.00
6500.00
6500.00
6500.00
6500.00
6500.00
6500.00
6500.00
6500.00
6500.00
6500.00
6500.00
6500.00
6500.00
6500.00
6500.00
6500.00
6500.00
6500.00
6500.00
6500.00
6500.00
6500.00
6500.00
6500.00
6500.00
6500.00
6500.00
6500.00
6500.00
6500.00
6500.00
6500.00
6500.00
6500.00
6500.00
6500.00
6500.00
6500.00
6500.00
6500.00
6500.00
6500.00
6500.00
6500.00
6500.00
6500.00
6500.00
6500.00
6500.00
6500.00
6500.00
6500.00
6500.00
6500.00
6500.00
6500.00
6500.00
6500.00
6500.00
6500.00
6500.00
6500.00
6500.00
6500.00
6500.00
6500.00
6500.00
6500.00
6500.00
6500.00
6500.00
6500.00
6500.00
6500.00
6500.00
6500.00
6500.00
6500.00
6500.00
6500.00
6500.00
6500.00
6500.00
6500.00
6500.00
6500.00
6500.00
6500.00
6500.00
6500.00
6500.00
6500.00
6500.00
6500.00
6500.00
6500.00
6500.00
6500.00
6500.00
6500.00
6500.00
6500.00
6500.00
6500.00
6500.00
6500.00
6500.00
6500.00
6500.00
6500.00
6500.00
6500.00
6500.00
6500.00
6500.00
6500.00
6500.00
6500.00
6500.00
6500.00
6500.00
6500.00
6500.00
6500.00
6500.00
6500.00
6500.00
6500.00
6500.00
6500.00
6500.00
6500.00
6500.00
6500.00
6500.00
6500.00
6500.00
6500.00
6500.00
6500.00
6500.00
6500.00
6500.00
6500.00
6500.00
6500.00
6500.00
6500.00
6500.00
6500.00
6500.00
6500.00
6500.00
6500.00
6500.00
6500.00
6500.00
6500.00
6500.00
6500.00
6500.00
6500.00
6500.00
6500.00
6500.00
6500.00
6497.00
6494.00
6490.00
6487.00
6485.00
6482.00
6479.00
6477.00
6474.00
6472.00
6469.00
6467.00
6465.00
6463.00
6460.00
6458.00
6456.00
6454.00
6453.00
6451.00
6449.00
6447.00
6446.00
6444.00
6442.00
6441.00
6439.00
6438.00
6437.00
6435.00
6434.00
6433.00
6431.00
6430.00
6430.00
6429.00
6429.00
6428.00
6427.00
6427.00
6426.00
6426.00
6425.00
6425.00
6424.00
6424.00
6423.00
6423.00
6422.00
6422.00
6422.00
6421.00
6421.00
6420.00
6420.00
6419.00
6419.00
6418.00
6418.00
6418.00
6417.00
6417.00
6416.00
6416.00
6415.00
6415.00
6414.00
6414.00
6414.00
6413.00
6413.00
6412.00
6412.00
6412.00
6411.00
6411.00
6410.00
6410.00
6410.00
6409.00
6409.00
6409.00
6408.00
6408.00
6407.00
6407.00
6407.00
6406.00
6406.00
6405.00
6405.00
6405.00
6404.00
6404.00
6404.00
6403.00
6403.00
6403.00
6402.00
6402.00
6402.00
6401.00
6401.00
6401.00
6400.00
6400.00
6399.00
6399.00
6399.00
6398.00
6398.00
6398.00
6397.00
6397.00
6396.00
6396.00
6396.00
6395.00
6395.00
6395.00
6394.00
6394.00
6393.00
6393.00
6393.00
6392.00
6392.00
6392.00
6391.00
6391.00
6391.00
6390.00
6390.00
6390.00
6389.00
6389.00
6389.00
6389.00
6388.00
6388.00
6388.00
6388.00
6388.00
6387.00
6387.00
6387.00
6387.00
6387.00
6386.00
6386.00
6386.00
6386.00
6386.00
6386.00
6385.00
6385.00
6385.00
6385.00
6385.00
6385.00
6385.00
6385.00
6385.00
6385.00
6384.00
6384.00
6384.00
6384.00
6384.00
6384.00
6384.00
6384.00
6384.00
6384.00
6384.00
6383.00
6383.00
6383.00
6383.00
6383.00
6383.00
6383.00
6383.00
6383.00
6383.00
6383.00
6383.00
6383.00
6383.00
6383.00
6383.00
6383.00
6383.00
6383.00
6383.00
6383.00
6382.00
6382.00
6382.00
6382.00
6382.00
6382.00
6382.00
6382.00
6382.00
6382.00
6382.00
6382.00
6382.00
6382.00
6382.00
6382.00
6382.00
6382.00
6382.00
6382.00
6382.00
6382.00
6382.00
6382.00
6382.00
6382.00
6382.00
6382.00
6381.00
6381.00
6381.00
6381.00
6381.00
6381.00
6381.00
6381.00
6381.00
6381.00
6381.00
6381.00
6381.00
6381.00
6381.00
6381.00
6381.00
6381.00
6381.00
6381.00
6381.00
6381.00
6381.00
6381.00
6381.00
6381.00
6381.00
6381.00
6381.00
6381.00
6380.00
6380.00
6380.00
6380.00
6380.00
6380.00
6380.00
6380.00
6380.00
6380.00
6380.00
6380.00
6380.00
6380.00
6380.00
6380.00
6380.00
6380.00
6380.00
6380.00
6379.00
6379.00
6379.00
6379.00
6379.00
6379.00
6379.00
6379.00
6379.00
6379.00
6379.00
6379.00
6379.00
6379.00
6379.00
6379.00
6378.00
6378.00
6378.00
6378.00
6378.00
6378.00
6378.00
6378.00
6378.00
6378.00
6378.00
6378.00
6377.00
6377.00
6377.00
6377.00
6377.00
6377.00
6377.00
6377.00
6377.00
6377.00
6376.00
6376.00
6376.00
6376.00
6376.00
6376.00
6376.00
6376.00
6375.00
6375.00
6375.00
6375.00
6375.00
6375.00
6374.00
6374.00
6374.00
6374.00
6374.00
6374.00
6373.00
6373.00
6373.00
6373.00
6373.00
6372.00
6372.00
6372.00
6372.00
6372.00
6371.00
6371.00
6371.00
6371.00
6370.00
6370.00
6370.00
6370.00
6369.00
6369.00
6369.00
6368.00
6368.00
6368.00
6367.00
6367.00
6367.00
6366.00
6366.00
6366.00
6365.00
6365.00
6364.00
6364.00
6363.00
6363.00
6363.00
6362.00
6362.00
6361.00
6361.00
6360.00
6360.00
6359.00
6359.00
6358.00
6358.00
6357.00
6356.00
6356.00
6355.00
6354.00
6353.00
6353.00
6352.00
6351.00
6350.00
6349.00
6348.00
6347.00
6346.00
6345.00
6344.00
6343.00
6342.00
6341.00
6339.00
6338.00
6337.00
6335.00
6334.00
6332.00
6331.00
6329.00
6327.00
6325.00
6323.00
6321.00
6319.00
6317.00
6314.00
6311.00
6308.00
6306.00
6302.00
6299.00
6296.00
6293.00
6289.00
6286.00
6283.00
6279.00
6276.00
6272.00
6269.00
6265.00
6262.00
6258.00
6255.00
6251.00
6247.00
6243.00
6239.00
6235.00
6231.00
6227.00
6223.00
6219.00
6214.00
6210.00
6206.00
6201.00
6196.00
6192.00
6187.00
6182.00
6177.00
6172.00
6167.00
6162.00
6156.00
6151.00
6146.00
6141.00
6136.00
6131.00
6126.00
6121.00
6117.00
6112.00
6108.00
6104.00
6099.00
6095.00
6090.00
6086.00
6081.00
6076.00
6071.00
6066.00
6060.00
6055.00
6049.00
6043.00
6036.00
6030.00
6023.00
6016.00
6009.00
6001.00
5994.00
5986.00
5978.00
5970.00
5961.00
5953.00
5944.00
5936.00
5927.00
5918.00
5909.00
5900.00
5891.00
5882.00
5873.00
5865.00
5856.00
5847.00
5838.00
5829.00
5821.00
5812.00
5804.00
5795.00
5787.00
5779.00
5770.00
5762.00
5754.00
5746.00
5738.00
5730.00
5722.00
5714.00
5706.00
5698.00
5690.00
5682.00
5674.00
5666.00
5658.00
5650.00
5641.00
5633.00
5625.00
5617.00
5609.00
5601.00
5593.00
5584.00
5576.00
5568.00
5560.00
5551.00
5543.00
5535.00
5526.00
5517.00
5508.00
5500.00
5499.00
5498.00
5498.00
5497.00
5496.00
5495.00
5495.00
5494.00
5493.00
5493.00
5492.00
5492.00
5491.00
5491.00
5491.00
5490.00
5490.00
5490.00
5489.00
5489.00
5489.00
5488.00
5488.00
5488.00
5487.00
5487.00
5487.00
5486.00
5486.00
5486.00
5485.00
5485.00
5485.00
5484.00
5484.00
5484.00
5483.00
5483.00
5483.00
5483.00
5482.00
5482.00
5482.00
5482.00
5481.00
5481.00
5481.00
5481.00
5480.00
5480.00
5480.00
5480.00
5480.00
5479.00
5479.00
5479.00
5479.00
5478.00
5478.00
5478.00
5477.00
5477.00
5477.00
5476.00
5476.00
5476.00
5475.00
5475.00
5475.00
5475.00
5474.00
5474.00
5474.00
5474.00
5473.00
5473.00
5473.00
5473.00
5473.00
5472.00
5472.00
5472.00
5472.00
5471.00
5471.00
5471.00
5471.00
5470.00
5470.00
5470.00
5470.00
5470.00
5469.00
5469.00
5469.00
5469.00
5469.00
5468.00
5468.00
5468.00
5468.00
5468.00
5467.00
5467.00
5467.00
5467.00
5467.00
5467.00
5466.00
5466.00
5466.00
5466.00
