5444.00
5419.00
5379.00
5238.00
4961.00
4947.00
4945.00
4942.00
4938.00
4934.00
4931.00
4925.00
4918.00
4906.00
4896.00
4881.00
4854.00
4804.00
4738.00
4660.00
4601.00
4537.00
4497.00
4491.00
4486.00
4483.00
4480.00
4478.00
4477.00
4475.00
4473.00
4472.00
4470.00
4468.00
4467.00
4466.00
4465.00
4464.00
4464.00
4463.00
4463.00
4462.00
4461.00
4461.00
4460.00
4459.00
4458.00
4457.00
4455.00
4454.00
4453.00
4453.00
4452.00
4452.00
4451.00
4450.00
4449.00
4448.00
4447.00
4447.00
4446.00
4446.00
4446.00
4446.00
4446.00
4446.00
4446.00
4446.00
4446.00
4446.00
4447.00
4447.00
4447.00
4447.00
4447.00
4447.00
4447.00
4448.00
4448.00
4448.00
4448.00
4448.00
4449.00
4449.00
4449.00
4449.00
4449.00
4449.00
4449.00
4449.00
4449.00
4450.00
4450.00
4450.00
4450.00
4450.00
4450.00
4450.00
4450.00
4451.00
4451.00
4451.00
4451.00
4451.00
4451.00
4451.00
4451.00
4451.00
4451.00
4451.00
4451.00
4452.00
4452.00
4452.00
4452.00
4452.00
4452.00
4452.00
4452.00
4453.00
4453.00
4453.00
4453.00
4453.00
4453.00
4453.00
4453.00
4453.00
4453.00
4453.00
4453.00
4453.00
4453.00
4453.00
4453.00
4453.00
4454.00
4454.00
4454.00
4453.00
4453.00
4453.00
4453.00
4453.00
4454.00
4453.00
4453.00
4453.00
4454.00
4454.00
4454.00
4454.00
4454.00
4454.00
4454.00
4454.00
4454.00
4454.00
4454.00
4454.00
4454.00
4454.00
4454.00
4454.00
4454.00
4454.00
4454.00
4454.00
4454.00
4454.00
4454.00
4454.00
4454.00
4454.00
4454.00
4454.00
4454.00
4454.00
4455.00
4455.00
4467.00
4929.00
5445.00
5953.00
6087.00
6167.00
6216.00
6252.00
6290.00
6318.00
6342.00
6369.00
6393.00
6430.00
6472.00
6500.00
6500.00
6500.00
6500.00
6500.00
6500.00
6500.00
6500.00
6500.00
6500.00
6500.00
6500.00
6500.00
6500.00
6500.00
6500.00
6500.00
6500.00
6500.00
6500.00
6500.00
6500.00
6500.00
6500.00
6500.00
6500.00
6500.00
6500.00
6500.00
6500.00
6500.00
6500.00
6500.00
6500.00
6500.00
6500.00
6500.00
6500.00
6500.00
6500.00
6500.00
6500.00
6500.00
6500.00
6500.00
6500.00
6500.00
6500.00
6500.00
6500.00
6500.00
6500.00
6500.00
6500.00
6500.00
6500.00
6500.00
6500.00
6500.00
6500.00
6500.00
6500.00
6500.00
6500.00
6500.00
6500.00
6500.00
6500.00
6500.00
6500.00
6500.00
6500.00
6500.00
6500.00
6500.00
6500.00
6500.00
6500.00
6500.00
6500.00
6500.00
6500.00
6500.00
6500.00
6500.00
6500.00
6500.00
6500.00
6500.00
6500.00
6500.00
6500.00
6500.00
6500.00
6500.00
6500.00
6500.00
6500.00
6500.00
6500.00
6500.00
6500.00
6500.00
6500.00
6500.00
6500.00
6500.00
6500.00
6500.00
6500.00
6500.00
6500.00
6500.00
6500.00
6500.00
6500.00
6500.00
6500.00
6500.00
6500.00
6500.00
6500.00
6500.00
6500.00
6500.00
6500.00
6500.00
6500.00
6500.00
6500.00
6500.00
6500.00
6500.00
6500.00
6500.00
6500.00
6500.00
6500.00
6500.00
6500.00
6500.00
6500.00
6500.00
6500.00
6500.00
6500.00
6500.00
6500.00
6500.00
6500.00
6500.00
6500.00
6500.00
6500.00
6500.00
6500.00
6500.00
6500.00
6500.00
6500.00
6500.00
6500.00
6500.00
6500.00
6500.00
6500.00
6500.00
6500.00
6500.00
6500.00
6500.00
6500.00
6500.00
6500.00
6500.00
6500.00
6500.00
6500.00
6500.00
6500.00
6500.00
6500.00
6500.00
6500.00
6500.00
6500.00
6500.00
6500.00
6500.00
6500.00
6500.00
6500.00
6500.00
6500.00
6500.00
6500.00
6500.00
6500.00
6500.00
6500.00
6500.00
6500.00
6500.00
6500.00
6500.00
6500.00
6500.00
6500.00
6500.00
6500.00
6500.00
6500.00
6500.00
6500.00
6500.00
6500.00
6500.00
6500.00
6500.00
6500.00
6500.00
6500.00
6500.00
6500.00
6500.00
6500.00
6500.00
6500.00
6500.00
6500.00
6500.00
6500.00
6500.00
6500.00
6500.00
6500.00
6500.00
6500.00
6500.00
6500.00
6500.00
6500.00
6500.00
6500.00
6500.00
6500.00
6500.00
6500.00
6500.00
6500.00
6500.00
6500.00
6500.00
6500.00
6500.00
6500.00
6500.00
6500.00
6500.00
6500.00
6500.00
6500.00
6500.00
6500.00
6500.00
6500.00
6500.00
6500.00
6500.00
6500.00
6500.00
6500.00
6500.00
6500.00
6500.00
6500.00
6500.00
6500.00
6500.00
6500.00
6500.00
6500.00
6500.00
6500.00
6500.00
6500.00
6500.00
6500.00
6500.00
6500.00
6500.00
6500.00
6500.00
6500.00
6500.00
6500.00
6500.00
6500.00
6500.00
6500.00
6500.00
6500.00
6500.00
6500.00
6500.00
6500.00
6500.00
6500.00
6500.00
6500.00
6500.00
6500.00
6500.00
6500.00
6500.00
6500.00
6500.00
6500.00
6500.00
6500.00
6500.00
6500.00
6500.00
6500.00
6500.00
6500.00
6500.00
6500.00
6500.00
6500.00
6500.00
6500.00
6500.00
6500.00
6500.00
6500.00
6500.00
6500.00
6500.00
6500.00
6500.00
6500.00
6500.00
6500.00
6500.00
6500.00
6500.00
6500.00
6500.00
6500.00
6500.00
6500.00
6500.00
6500.00
6500.00
6500.00
6500.00
6500.00
6500.00
6500.00
6500.00
6500.00
6500.00
6500.00
6500.00
6500.00
6500.00
6500.00
6500.00
6500.00
6500.00
6500.00
6500.00
6500.00
6500.00
6500.00
6500.00
6500.00
6500.00
6500.00
6500.00
6500.00
6500.00
6500.00
6500.00
6500.00
6500.00
6500.00
6500.00
6500.00
6500.00
6500.00
6500.00
6500.00
6500.00
6500.00
6500.00
6500.00
6500.00
6500.00
6500.00
6500.00
6500.00
6500.00
6500.00
6500.00
6500.00
6500.00
6500.00
6500.00
6500.00
6500.00
6500.00
6500.00
6500.00
6500.00
6500.00
6500.00
6500.00
6500.00
6500.00
6500.00
6500.00
6500.00
6500.00
6500.00
6500.00
6500.00
6500.00
6500.00
6500.00
6500.00
6500.00
6500.00
6500.00
6500.00
6500.00
6500.00
6500.00
6500.00
6500.00
6500.00
6500.00
6500.00
6500.00
6500.00
6500.00
6500.00
6500.00
6500.00
6500.00
6500.00
6500.00
6500.00
6500.00
6500.00
6500.00
6500.00
6500.00
6500.00
6500.00
6500.00
6500.00
6500.00
6500.00
6500.00
6500.00
6500.00
6500.00
6500.00
6500.00
6500.00
6500.00
6500.00
6500.00
6500.00
6500.00
6500.00
6500.00
6500.00
6500.00
6500.00
6500.00
6500.00
6500.00
6500.00
6500.00
6500.00
6500.00
6500.00
6500.00
6500.00
6500.00
6500.00
6500.00
6500.00
6500.00
6500.00
6500.00
6500.00
6500.00
6500.00
6500.00
6500.00
6500.00
6500.00
6500.00
6500.00
6500.00
6500.00
6500.00
6500.00
6500.00
6500.00
6500.00
6500.00
6500.00
6500.00
6500.00
6500.00
6500.00
6500.00
6500.00
6500.00
6500.00
6500.00
6500.00
6500.00
6500.00
6500.00
6500.00
6500.00
6500.00
6500.00
6500.00
6500.00
6500.00
6500.00
6500.00
6500.00
6500.00
6500.00
6500.00
6500.00
6500.00
6500.00
6500.00
6500.00
6500.00
6500.00
6500.00
6500.00
6500.00
6500.00
6500.00
6500.00
6500.00
6500.00
6500.00
6500.00
6500.00
6500.00
6500.00
6500.00
6500.00
6500.00
6500.00
6500.00
6500.00
6500.00
6500.00
6500.00
6500.00
6500.00
6500.00
6500.00
6500.00
6500.00
6500.00
6500.00
6500.00
6500.00
6500.00
6500.00
6500.00
6500.00
6500.00
6500.00
6500.00
6500.00
6500.00
6500.00
6500.00
6500.00
6500.00
6500.00
6500.00
6500.00
6500.00
6500.00
6500.00
6500.00
6500.00
6500.00
6500.00
6500.00
6500.00
6500.00
6500.00
6500.00
6500.00
6500.00
6500.00
6500.00
6500.00
6500.00
6500.00
6500.00
6500.00
6500.00
6500.00
6500.00
6500.00
6500.00
6500.00
6500.00
6500.00
6500.00
6500.00
6500.00
6500.00
6500.00
6500.00
6500.00
6500.00
6500.00
6500.00
6500.00
6500.00
6500.00
6500.00
6500.00
6500.00
6500.00
6500.00
6500.00
6500.00
6500.00
6500.00
6500.00
6500.00
6500.00
6500.00
6500.00
6500.00
6500.00
6500.00
6500.00
6500.00
6500.00
6500.00
6500.00
6500.00
6500.00
6500.00
6500.00
6500.00
6500.00
6500.00
6500.00
6500.00
6500.00
6500.00
6500.00
6500.00
6500.00
6500.00
6500.00
6500.00
6500.00
6500.00
6500.00
6500.00
6500.00
6500.00
6500.00
6500.00
6500.00
6500.00
6500.00
6500.00
6500.00
6500.00
6500.00
6500.00
6500.00
6500.00
6500.00
6500.00
6500.00
6500.00
6500.00
6500.00
6500.00
6500.00
6500.00
6500.00
6500.00
6500.00
6500.00
6500.00
6500.00
6500.00
6500.00
6500.00
6500.00
6500.00
6500.00
6500.00
6500.00
6500.00
6500.00
6500.00
6500.00
6500.00
6500.00
6500.00
6500.00
6500.00
6500.00
6500.00
6500.00
6500.00
6500.00
6500.00
6500.00
6500.00
6500.00
6500.00
6500.00
6500.00
6500.00
6500.00
6500.00
6500.00
6500.00
6500.00
6500.00
6500.00
6500.00
6500.00
6500.00
6500.00
6500.00
6500.00
6500.00
6500.00
6500.00
6500.00
6500.00
6500.00
6500.00
6500.00
6500.00
6500.00
6500.00
6500.00
6500.00
6500.00
6500.00
6500.00
6500.00
6500.00
6500.00
6500.00
6500.00
6500.00
6500.00
6500.00
6500.00
6500.00
6500.00
6500.00
6500.00
6500.00
6500.00
6500.00
6500.00
6500.00
6500.00
6500.00
6500.00
6500.00
6500.00
6500.00
6500.00
6500.00
6500.00
6500.00
6500.00
6500.00
6500.00
6500.00
6500.00
6500.00
6500.00
6500.00
6500.00
6500.00
6500.00
6500.00
6500.00
6500.00
6500.00
6500.00
6500.00
6500.00
6500.00
6500.00
6500.00
6500.00
6500.00
6500.00
6500.00
6500.00
6500.00
6500.00
6500.00
6500.00
6500.00
6500.00
6500.00
6500.00
6500.00
6500.00
6500.00
6500.00
6500.00
6500.00
6500.00
6500.00
6500.00
6500.00
6500.00
6500.00
6500.00
6500.00
6500.00
6500.00
6500.00
6500.00
6500.00
6500.00
6500.00
6500.00
6500.00
6500.00
6500.00
6500.00
6500.00
6500.00
6500.00
6500.00
6500.00
6500.00
6500.00
6500.00
6500.00
6500.00
6500.00
6500.00
6500.00
6500.00
6500.00
6500.00
6500.00
6500.00
6500.00
6500.00
6500.00
6500.00
6500.00
6500.00
6500.00
6500.00
6500.00
6500.00
6500.00
6500.00
6500.00
6500.00
6500.00
6500.00
6500.00
6500.00
6500.00
6500.00
6500.00
6500.00
6500.00
6500.00
6500.00
6500.00
6500.00
6500.00
6500.00
6500.00
6500.00
6500.00
6500.00
6500.00
6500.00
6500.00
6500.00
6500.00
6500.00
6500.00
6500.00
6500.00
6500.00
6500.00
6500.00
6500.00
6500.00
6500.00
6500.00
6500.00
6500.00
6500.00
6500.00
6500.00
6500.00
6500.00
6500.00
6500.00
6500.00
6500.00
6500.00
6500.00
6500.00
6500.00
6500.00
6500.00
6500.00
6500.00
6500.00
6500.00
6500.00
6500.00
6500.00
6500.00
6500.00
6500.00
6500.00
6500.00
6500.00
6500.00
6500.00
6500.00
6500.00
6500.00
6500.00
6500.00
6500.00
6500.00
6500.00
6500.00
6500.00
6500.00
6500.00
6500.00
6500.00
6500.00
6500.00
6500.00
6500.00
6500.00
6500.00
6500.00
6500.00
6500.00
6500.00
6500.00
6500.00
6500.00
6500.00
6500.00
6500.00
6500.00
6500.00
6500.00
6500.00
6500.00
6500.00
6500.00
6500.00
6500.00
6500.00
6500.00
6500.00
6500.00
6500.00
6500.00
6500.00
6500.00
6500.00
6500.00
6500.00
6500.00
6500.00
6500.00
6500.00
6500.00
6500.00
6500.00
6500.00
6500.00
6500.00
6500.00
6500.00
6500.00
6500.00
6500.00
6500.00
6500.00
6500.00
6500.00
6500.00
6500.00
6500.00
6500.00
6500.00
6500.00
6500.00
6500.00
6500.00
6500.00
6500.00
6500.00
6500.00
6500.00
6500.00
6500.00
6500.00
6500.00
6500.00
6500.00
6500.00
6500.00
6500.00
6500.00
6500.00
6500.00
6500.00
6500.00
6500.00
6500.00
6500.00
6500.00
6500.00
6500.00
6500.00
6500.00
6500.00
6500.00
6500.00
6500.00
6500.00
6500.00
6500.00
6500.00
6500.00
6500.00
6500.00
6500.00
6500.00
6500.00
6500.00
6500.00
6500.00
6500.00
6500.00
6500.00
6500.00
6500.00
6500.00
6500.00
6500.00
6500.00
6500.00
6500.00
6500.00
6500.00
6500.00
6500.00
6500.00
6500.00
6500.00
6500.00
6500.00
6500.00
6500.00
6500.00
6500.00
6500.00
6500.00
6500.00
6500.00
6500.00
6500.00
6500.00
6500.00
6500.00
6500.00
6500.00
6500.00
6500.00
6500.00
6500.00
6500.00
6500.00
6500.00
6500.00
6500.00
6500.00
6500.00
6500.00
6500.00
6500.00
6500.00
6500.00
6500.00
6500.00
6500.00
6500.00
6500.00
6500.00
6500.00
6500.00
6500.00
6500.00
6500.00
6500.00
6500.00
6500.00
6500.00
6500.00
6500.00
6500.00
6500.00
6500.00
6500.00
6500.00
6500.00
6500.00
6500.00
6500.00
6500.00
6500.00
6500.00
6500.00
6500.00
6500.00
6500.00
6500.00
6500.00
6500.00
6500.00
6500.00
6500.00
6500.00
6500.00
6500.00
6500.00
6500.00
6500.00
6500.00
6500.00
6500.00
6500.00
6500.00
6500.00
6500.00
6500.00
6500.00
6500.00
6500.00
6500.00
6500.00
6500.00
6500.00
6500.00
6500.00
6500.00
6500.00
6500.00
6500.00
6500.00
6500.00
6500.00
6500.00
6500.00
6500.00
6500.00
6500.00
6500.00
6500.00
6500.00
6500.00
6500.00
6500.00
6500.00
6500.00
6500.00
6500.00
6500.00
6500.00
6500.00
6500.00
6500.00
6500.00
6500.00
6500.00
6500.00
6500.00
6500.00
6500.00
6500.00
6500.00
6500.00
6500.00
6500.00
6500.00
6500.00
6500.00
6500.00
6500.00
6500.00
6500.00
6500.00
6500.00
6500.00
6500.00
6500.00
6500.00
6500.00
6500.00
6500.00
6500.00
6500.00
6500.00
6500.00
6500.00
6500.00
6500.00
6500.00
6500.00
6500.00
6500.00
6500.00
6500.00
6500.00
6500.00
6500.00
6500.00
6500.00
6500.00
6500.00
6500.00
6500.00
6500.00
6500.00
6500.00
6500.00
6500.00
6500.00
6500.00
6500.00
6500.00
6500.00
6500.00
6500.00
6500.00
6500.00
6500.00
6500.00
6500.00
6500.00
6500.00
6500.00
6500.00
6500.00
6500.00
6500.00
6500.00
6500.00
6500.00
6500.00
6500.00
6500.00
6500.00
6500.00
6500.00
6500.00
6500.00
6500.00
6500.00
6500.00
6500.00
6500.00
6500.00
6500.00
6500.00
6500.00
6500.00
6500.00
6500.00
6500.00
6500.00
6500.00
6500.00
6500.00
6500.00
6500.00
6500.00
6500.00
6500.00
6500.00
6500.00
6500.00
6500.00
6500.00
6500.00
6500.00
6500.00
6500.00
6500.00
6500.00
6500.00
6500.00
6500.00
6500.00
6500.00
6500.00
6500.00
6500.00
6500.00
6500.00
6500.00
6500.00
6500.00
6500.00
6500.00
6500.00
6500.00
6500.00
6500.00
6500.00
6500.00
6500.00
6500.00
6500.00
6500.00
6500.00
6500.00
6500.00
6500.00
6500.00
6500.00
6500.00
6500.00
6500.00
6500.00
6500.00
6500.00
6500.00
6500.00
6500.00
6500.00
6500.00
6500.00
6500.00
6500.00
6500.00
6500.00
6500.00
6500.00
6500.00
6500.00
6500.00
6500.00
6500.00
6500.00
6500.00
6500.00
6500.00
6500.00
6500.00
6500.00
6500.00
6500.00
6500.00
6500.00
6500.00
6500.00
6500.00
6500.00
6500.00
6500.00
6500.00
6500.00
6500.00
6500.00
6500.00
6500.00
6500.00
6500.00
6500.00
6500.00
6500.00
6500.00
6500.00
6500.00
6500.00
6500.00
6500.00
6500.00
6500.00
6500.00
6500.00
6500.00
6500.00
6500.00
6500.00
6500.00
6500.00
6500.00
6500.00
6500.00
6500.00
6500.00
6500.00
6500.00
6500.00
6500.00
6500.00
6500.00
6500.00
6500.00
6500.00
6500.00
6500.00
6500.00
6500.00
6500.00
6500.00
6500.00
6500.00
6500.00
6500.00
6500.00
6500.00
6500.00
6500.00
6500.00
6500.00
6500.00
6500.00
6500.00
6500.00
6500.00
6500.00
6500.00
6500.00
6500.00
6500.00
6500.00
6500.00
6500.00
6500.00
6500.00
6500.00
6500.00
6500.00
6500.00
6500.00
6500.00
6500.00
6500.00
6500.00
6500.00
6500.00
6500.00
6500.00
6500.00
6500.00
6500.00
6500.00
6500.00
6500.00
6500.00
6500.00
6500.00
6500.00
6500.00
6500.00
6500.00
6500.00
6500.00
6500.00
6500.00
6500.00
6500.00
6500.00
6500.00
6500.00
6500.00
6500.00
6500.00
6500.00
6500.00
6500.00
6500.00
6500.00
6500.00
6500.00
6500.00
6500.00
6500.00
6500.00
6500.00
6500.00
6500.00
6500.00
6500.00
6500.00
6500.00
6500.00
6500.00
6500.00
6500.00
6500.00
6500.00
6500.00
6500.00
6500.00
6500.00
6500.00
6500.00
6500.00
6500.00
6500.00
6500.00
6500.00
6500.00
6500.00
6500.00
6500.00
6500.00
6500.00
6500.00
6500.00
6500.00
6500.00
6500.00
6500.00
6500.00
6500.00
6500.00
6500.00
6500.00
6500.00
6500.00
6500.00
6500.00
6500.00
6500.00
6500.00
6500.00
6500.00
6500.00
6500.00
6500.00
6500.00
6500.00
6500.00
6500.00
6500.00
6500.00
6500.00
6500.00
6500.00
6500.00
6500.00
6500.00
6500.00
6500.00
6500.00
6500.00
6500.00
6500.00
6500.00
6500.00
6500.00
6500.00
6500.00
6500.00
6500.00
6500.00
6500.00
6500.00
6500.00
6500.00
6500.00
6500.00
6500.00
6500.00
6500.00
6500.00
6500.00
6500.00
6500.00
6500.00
6500.00
6500.00
6500.00
6500.00
6500.00
6500.00
6500.00
6500.00
6500.00
6500.00
6500.00
6500.00
6500.00
6500.00
6500.00
6500.00
6500.00
6500.00
6500.00
6500.00
6500.00
6500.00
6500.00
6500.00
6500.00
6500.00
6500.00
6500.00
6500.00
6500.00
6500.00
6500.00
6500.00
6500.00
6500.00
6500.00
6500.00
6500.00
6500.00
6500.00
6500.00
6500.00
6500.00
6500.00
6500.00
6500.00
6500.00
6500.00
6500.00
6500.00
6500.00
6500.00
6500.00
6500.00
6500.00
6500.00
6500.00
6500.00
6500.00
6500.00
6500.00
6500.00
6500.00
6500.00
6500.00
6500.00
6500.00
6500.00
6500.00
6500.00
6500.00
6500.00
6500.00
6500.00
6500.00
6500.00
6500.00
6500.00
6500.00
6500.00
6500.00
6500.00
6500.00
6500.00
6500.00
6500.00
6500.00
6500.00
6500.00
6500.00
6500.00
6500.00
6500.00
6500.00
6500.00
6500.00
6500.00
6500.00
6500.00
6500.00
6500.00
6500.00
6500.00
6500.00
6500.00
6500.00
6500.00
6500.00
6499.00
6495.00
6492.00
6489.00
6486.00
6484.00
6481.00
6479.00
6476.00
6474.00
6472.00
6470.00
6468.00
6465.00
6463.00
6461.00
6459.00
6458.00
6456.00
6454.00
6452.00
6451.00
6449.00
6447.00
6446.00
6444.00
6443.00
6441.00
6440.00
6439.00
6437.00
6436.00
6435.00
6434.00
6432.00
6432.00
6431.00
6431.00
6430.00
6430.00
6429.00
6429.00
6428.00
6428.00
6427.00
6427.00
6426.00
6426.00
6425.00
6425.00
6424.00
6424.00
6423.00
6423.00
6423.00
6422.00
6422.00
6421.00
6421.00
6420.00
6420.00
6420.00
6419.00
6419.00
6418.00
6418.00
6417.00
6417.00
6417.00
6416.00
6416.00
6415.00
6415.00
6415.00
6414.00
6414.00
6414.00
6413.00
6413.00
6412.00
6412.00
6412.00
6411.00
6411.00
6411.00
6410.00
6410.00
6410.00
6409.00
6409.00
6408.00
6408.00
6408.00
6407.00
6407.00
6407.00
6406.00
6406.00
6406.00
6406.00
6405.00
6405.00
6405.00
6404.00
6404.00
6404.00
6403.00
6403.00
6403.00
6402.00
6402.00
6402.00
6401.00
6401.00
6401.00
6400.00
6400.00
6399.00
6399.00
6399.00
6398.00
6398.00
6398.00
6397.00
6397.00
6397.00
6396.00
6396.00
6396.00
6395.00
6395.00
6395.00
6394.00
6394.00
6394.00
6394.00
6393.00
6393.00
6393.00
6392.00
6392.00
6392.00
6392.00
6392.00
6391.00
6391.00
6391.00
6391.00
6391.00
6390.00
6390.00
6390.00
6390.00
6390.00
6389.00
6389.00
6389.00
6389.00
6389.00
6389.00
6389.00
6389.00
6388.00
6388.00
6388.00
6388.00
6388.00
6388.00
6388.00
6388.00
6388.00
6388.00
6387.00
6387.00
6387.00
6387.00
6387.00
6387.00
6387.00
6387.00
6387.00
6386.00
6386.00
6386.00
6386.00
6386.00
6386.00
6386.00
6386.00
6386.00
6386.00
6385.00
6385.00
6385.00
6385.00
6385.00
6385.00
6385.00
6385.00
6385.00
6385.00
6384.00
6384.00
6384.00
6384.00
6384.00
6384.00
6384.00
6384.00
6384.00
6383.00
6383.00
6383.00
6383.00
6383.00
6383.00
6383.00
6383.00
6382.00
6382.00
6382.00
6382.00
6382.00
6382.00
6382.00
6381.00
6381.00
6381.00
6381.00
6381.00
6380.00
6380.00
6380.00
6380.00
6380.00
6380.00
6379.00
6379.00
6379.00
6379.00
6379.00
6379.00
6378.00
6378.00
6378.00
6378.00
6378.00
6377.00
6377.00
6377.00
6377.00
6377.00
6377.00
6376.00
6376.00
6376.00
6376.00
6376.00
6375.00
6375.00
6375.00
6375.00
6374.00
6374.00
6374.00
6374.00
6373.00
6373.00
6373.00
6373.00
6372.00
6372.00
6372.00
6371.00
6371.00
6371.00
6371.00
6370.00
6370.00
6370.00
6369.00
6369.00
6369.00
6368.00
6368.00
6368.00
6367.00
6367.00
6367.00
6366.00
6366.00
6366.00
6365.00
6365.00
6364.00
6364.00
6364.00
6363.00
6363.00
6362.00
6362.00
6361.00
6361.00
6360.00
6360.00
6359.00
6359.00
6358.00
6358.00
6357.00
6356.00
6356.00
6355.00
6355.00
6354.00
6353.00
6352.00
6352.00
6351.00
6350.00
6349.00
6349.00
6348.00
6347.00
6346.00
6345.00
6344.00
6343.00
6342.00
6341.00
6340.00
6339.00
6337.00
6336.00
6335.00
6334.00
6332.00
6331.00
6329.00
6328.00
6326.00
6325.00
6323.00
6321.00
6319.00
6317.00
6315.00
6313.00
6311.00
6309.00
6307.00
6304.00
6302.00
6299.00
6296.00
6293.00
6290.00
6287.00
6283.00
6280.00
6276.00
6272.00
6268.00
6264.00
6260.00
6256.00
6251.00
6247.00
6242.00
6237.00
6232.00
6227.00
6222.00
6217.00
6211.00
6206.00
6200.00
6194.00
6188.00
6181.00
6175.00
6168.00
6161.00
6153.00
6145.00
6137.00
6128.00
6119.00
6109.00
6099.00
6089.00
6078.00
6067.00
6056.00
6044.00
6032.00
6020.00
6008.00
5995.00
5982.00
5969.00
5956.00
5942.00
5928.00
5914.00
5900.00
5885.00
5871.00
5855.00
5839.00
5821.00
5803.00
5783.00
5763.00
5742.00
5719.00
5697.00
5674.00
5653.00
5633.00
5614.00
5597.00
5581.00
5566.00
5553.00
5541.00
5529.00
5517.00
5505.00
5499.00
5499.00
5498.00
5497.00
5496.00
5495.00
5494.00
5494.00
5493.00
5492.00
5491.00
5491.00
5490.00
5489.00
5488.00
5488.00
5487.00
5486.00
5486.00
5485.00
5484.00
5484.00
5483.00
5482.00
5482.00
5481.00
5481.00
5480.00
5480.00
5479.00
5479.00
5478.00
5478.00
5478.00
5477.00
5477.00
5477.00
5476.00
5476.00
5475.00
5475.00
5475.00
5474.00
5474.00
5473.00
5473.00
5472.00
5472.00
5472.00
5471.00
5471.00
5470.00
5470.00
5469.00
5469.00
5469.00
5468.00
5468.00
5467.00
5467.00
5467.00
5466.00
5466.00
5466.00
5466.00
5465.00
5465.00
5465.00
5465.00
5465.00
5464.00
5464.00
5464.00
5464.00
5464.00
5464.00
5463.00
5463.00
5463.00
5463.00
5463.00
5463.00
5463.00
5462.00
5462.00
5462.00
5462.00
5462.00
5462.00
5462.00
5461.00
5461.00
5461.00
5461.00
5461.00
5461.00
5461.00
5461.00
5460.00
5460.00
5460.00
5460.00
5460.00
5460.00
5460.00
5460.00
5459.00
5459.00
5459.00
5459.00
5459.00
5459.00
5459.00
5459.00
5458.00
5458.00
5458.00
5458.00
5458.00
5458.00
5458.00
5457.00
5457.00
5457.00
5457.00
5457.00
5457.00
5457.00
5457.00
5456.00
5456.00
5456.00
5456.00
5456.00
5456.00
5456.00
5456.00
5456.00
5456.00
5455.00
5455.00
5455.00
5455.00
5455.00
5455.00
5455.00
5455.00
5455.00
5454.00
5454.00
5454.00
5454.00
5454.00
5454.00
5454.00
5454.00
5454.00
5453.00
5453.00
5453.00
5453.00
5453.00
5453.00
5453.00
5453.00
5453.00
5453.00
5452.00
5452.00
5452.00
5452.00
5452.00
5452.00
5452.00
5452.00
5452.00
5451.00
5451.00
5451.00
5451.00
5451.00
5451.00
5451.00
5450.00
5450.00
5450.00
5450.00
5450.00
5450.00
5450.00
5449.00
5449.00
5449.00
5449.00
5449.00
5449.00
5449.00
5448.00
5448.00
5448.00
5448.00
5448.00
5448.00
5448.00
5447.00
5447.00
5447.00
5447.00
5447.00
5447.00
5446.00
5446.00
5446.00
5446.00
5446.00
5446.00
5445.00
5445.00
5445.00
5445.00
5445.00
5445.00
5444.00
5444.00
5444.00
5444.00
5444.00
5444.00
