4963.00
4957.00
4957.00
4958.00
4958.00
4958.00
4957.00
4956.00
4956.00
4955.00
4954.00
4954.00
4953.00
4953.00
4952.00
4952.00
4951.00
4951.00
4951.00
4950.00
4950.00
4950.00
4950.00
4950.00
4950.00
4949.00
4949.00
4949.00
4949.00
4949.00
4949.00
4949.00
4949.00
4948.00
4948.00
4948.00
4948.00
4948.00
4948.00
4948.00
4948.00
4948.00
4948.00
4948.00
4948.00
4948.00
4948.00
4948.00
4948.00
4949.00
4949.00
4949.00
4949.00
4949.00
4949.00
4949.00
4950.00
4950.00
4950.00
4950.00
4950.00
4951.00
4951.00
4951.00
4951.00
4952.00
4952.00
4952.00
4953.00
4953.00
4953.00
4954.00
4954.00
4954.00
4955.00
4955.00
4955.00
4955.00
4956.00
4956.00
4957.00
4957.00
4957.00
4958.00
4958.00
4959.00
4959.00
4960.00
4961.00
4961.00
4962.00
4963.00
4964.00
4966.00
4968.00
4970.00
4973.00
4977.00
4981.00
4985.00
4989.00
4994.00
5000.00
5038.00
5076.00
5109.00
5138.00
5164.00
5185.00
5204.00
5220.00
5236.00
5249.00
5262.00
5274.00
5285.00
5295.00
5305.00
5313.00
5321.00
5329.00
5332.00
5337.00
5340.00
5343.00
5346.00
5348.00
5350.00
5352.00
5354.00
5355.00
5357.00
5358.00
5359.00
5360.00
5361.00
5361.00
5361.00
5361.00
5361.00
5362.00
5362.00
5362.00
5362.00
5362.00
5363.00
5363.00
5364.00
5365.00
5366.00
5367.00
5369.00
5371.00
5372.00
5374.00
5376.00
5378.00
5380.00
5382.00
5385.00
5387.00
5389.00
5391.00
5393.00
5396.00
5398.00
5400.00
5402.00
5404.00
5406.00
5408.00
5410.00
5411.00
5413.00
5415.00
5416.00
5418.00
5419.00
5421.00
5422.00
5423.00
5425.00
5426.00
5427.00
5428.00
5430.00
5431.00
5432.00
5433.00
5434.00
5435.00
5436.00
5437.00
5438.00
5439.00
5440.00
5441.00
5442.00
5443.00
5443.00
5444.00
5445.00
5446.00
5447.00
5447.00
5448.00
5449.00
5450.00
5450.00
5451.00
5452.00
5453.00
5454.00
5455.00
5457.00
5458.00
5459.00
5461.00
5462.00
5463.00
5465.00
5466.00
5467.00
5469.00
5471.00
5473.00
5476.00
5478.00
5481.00
5484.00
5486.00
5490.00
5493.00
5496.00
5500.00
5548.00
5596.00
5641.00
5683.00
5722.00
5760.00
5795.00
5828.00
5859.00
5888.00
5917.00
5945.00
5969.00
5990.00
6009.00
6031.00
6049.00
6068.00
6084.00
6101.00
6117.00
6132.00
6146.00
6159.00
6171.00
6183.00
6193.00
6203.00
6212.00
6221.00
6228.00
6236.00
6243.00
6249.00
6256.00
6262.00
6268.00
6274.00
6279.00
6283.00
6288.00
6291.00
6295.00
6298.00
6301.00
6304.00
6307.00
6309.00
6312.00
6314.00
6316.00
6319.00
6321.00
6322.00
6324.00
6326.00
6328.00
6329.00
6331.00
6332.00
6334.00
6335.00
6337.00
6338.00
6339.00
6340.00
6341.00
6343.00
6344.00
6345.00
6346.00
6346.00
6347.00
6347.00
6346.00
6345.00
6342.00
6337.00
6327.00
6309.00
6275.00
6199.00
5974.00
5471.00
5442.00
5436.00
5424.00
5399.00
5300.00
4981.00
4941.00
4936.00
4932.00
4927.00
4918.00
4905.00
4883.00
4852.00
4801.00
4707.00
4486.00
4447.00
4439.00
4435.00
4431.00
4426.00
4420.00
4412.00
4400.00
4386.00
4367.00
4335.00
4282.00
4186.00
4067.00
3988.00
3975.00
3971.00
3971.00
3975.00
3982.00
3989.00
4017.00
4114.00
4195.00
4246.00
4285.00
4318.00
4347.00
4372.00
4396.00
4422.00
4450.00
4485.00
4590.00
4697.00
4770.00
4828.00
4878.00
4931.00
5005.00
5179.00
5276.00
5368.00
5470.00
5726.00
5972.00
6126.00
6203.00
6259.00
6312.00
6379.00
6500.00
6500.00
6500.00
6500.00
6500.00
6500.00
6500.00
6500.00
6500.00
6500.00
6500.00
6500.00
6500.00
6500.00
6500.00
6500.00
6500.00
6500.00
6500.00
6500.00
6500.00
6500.00
6500.00
6500.00
6500.00
6500.00
6500.00
6500.00
6500.00
6500.00
6500.00
6500.00
6500.00
6500.00
6500.00
6500.00
6500.00
6500.00
6500.00
6500.00
6500.00
6500.00
6500.00
3003.00
6500.00
 600.00
5083.00
5083.00
5083.00
5083.00
5124.00
5250.00
5250.00
5249.00
6500.00
 600.00
 600.00
 600.00
 600.00
 600.00
 600.00
 600.00
 600.00
 600.00
 600.00
 600.00
 600.00
 600.00
 600.00
 600.00
6500.00
 600.00
 608.00
6500.00
6500.00
6500.00
6500.00
6500.00
6500.00
6500.00
6500.00
6500.00
6500.00
6500.00
6500.00
6500.00
6500.00
6500.00
6500.00
6500.00
6500.00
6500.00
6500.00
6500.00
6500.00
6500.00
6500.00
6500.00
6500.00
6500.00
6500.00
6500.00
6500.00
6500.00
6500.00
6500.00
6500.00
6500.00
6500.00
6500.00
6500.00
6500.00
6500.00
6500.00
6500.00
6500.00
6500.00
6500.00
6500.00
6500.00
6500.00
6500.00
6500.00
6500.00
6500.00
6500.00
6500.00
6500.00
6500.00
6500.00
6500.00
6500.00
6500.00
6500.00
6500.00
6500.00
6500.00
6500.00
6500.00
6500.00
6500.00
6500.00
6500.00
6500.00
6500.00
6500.00
6500.00
6500.00
 600.00
 600.00
 600.00
 600.00
 600.00
 600.00
 600.00
 600.00
 600.00
 600.00
 600.00
 600.00
 600.00
 600.00
 600.00
 600.00
6500.00
6500.00
6500.00
6500.00
6500.00
6500.00
6500.00
6500.00
6500.00
6500.00
6500.00
6500.00
6500.00
6500.00
6500.00
6500.00
6500.00
6500.00
6500.00
6500.00
6500.00
6500.00
6500.00
6500.00
6500.00
6500.00
6500.00
6500.00
6500.00
6500.00
6500.00
6500.00
6500.00
6500.00
6500.00
6500.00
6500.00
6500.00
