6500.00
6500.00
6500.00
6500.00
6500.00
6500.00
6500.00
6500.00
6500.00
6500.00
6500.00
6500.00
6500.00
6500.00
6500.00
6500.00
6500.00
6500.00
6500.00
6500.00
6500.00
6500.00
6475.00
6429.00
6393.00
6364.00
6344.00
6332.00
6324.00
6319.00
6316.00
6314.00
6313.00
6312.00
6312.00
6312.00
6312.00
6312.00
6313.00
6313.00
6314.00
6315.00
6315.00
6316.00
6317.00
6318.00
6320.00
6321.00
6323.00
6324.00
6326.00
6329.00
6331.00
6334.00
6337.00
6340.00
6343.00
6346.00
6350.00
6354.00
6359.00
6363.00
6369.00
6374.00
6380.00
6387.00
6396.00
6405.00
6416.00
6427.00
6440.00
6454.00
6469.00
6484.00
6500.00
6500.00
6500.00
6500.00
6500.00
6500.00
6500.00
6500.00
6500.00
6500.00
6500.00
6500.00
6500.00
6500.00
6500.00
6500.00
6500.00
6500.00
6500.00
6500.00
6500.00
6500.00
6500.00
6500.00
6500.00
6500.00
6500.00
6500.00
6500.00
6500.00
6500.00
6500.00
6500.00
6500.00
6500.00
6500.00
6500.00
6500.00
6500.00
6500.00
6500.00
6500.00
6500.00
6500.00
6500.00
6500.00
6500.00
6500.00
6500.00
6500.00
6500.00
6500.00
6500.00
6500.00
6500.00
6500.00
6500.00
6500.00
6500.00
6500.00
6500.00
6500.00
6500.00
6500.00
6500.00
6500.00
6500.00
6500.00
6500.00
6500.00
6500.00
6500.00
6500.00
6500.00
6500.00
6500.00
6500.00
6500.00
6500.00
6500.00
6500.00
6500.00
6500.00
6500.00
6500.00
6500.00
6500.00
6500.00
6500.00
6500.00
6500.00
6500.00
6500.00
6500.00
6500.00
6500.00
6500.00
6500.00
6500.00
6500.00
6500.00
6500.00
6500.00
6500.00
6500.00
6500.00
6500.00
6500.00
6500.00
6500.00
6500.00
6500.00
6500.00
6500.00
6500.00
6500.00
6500.00
6500.00
6500.00
6500.00
6500.00
6500.00
6500.00
6500.00
6500.00
6500.00
6500.00
6500.00
6500.00
6500.00
6500.00
6500.00
6500.00
6500.00
6500.00
6500.00
6500.00
6500.00
6500.00
6500.00
6500.00
6500.00
6500.00
6500.00
6500.00
6500.00
6500.00
6500.00
6500.00
6500.00
6500.00
6500.00
6500.00
6500.00
6500.00
6500.00
6500.00
6500.00
6500.00
6500.00
6500.00
6500.00
6500.00
6500.00
6500.00
6500.00
6500.00
6500.00
6500.00
6500.00
6500.00
6500.00
6500.00
6500.00
6500.00
6500.00
6500.00
6500.00
6500.00
6500.00
6500.00
6500.00
6500.00
6500.00
6500.00
6500.00
6500.00
6500.00
6500.00
6500.00
6500.00
6500.00
6500.00
6500.00
6500.00
6500.00
6500.00
6500.00
6500.00
6500.00
6500.00
6500.00
6500.00
6500.00
6500.00
6500.00
6500.00
6500.00
6500.00
6500.00
6500.00
6500.00
6500.00
6500.00
6500.00
6500.00
6500.00
6500.00
6500.00
6500.00
6500.00
6500.00
6500.00
6500.00
6500.00
6500.00
6500.00
6500.00
6500.00
6500.00
6500.00
6500.00
6500.00
6500.00
6500.00
6500.00
6500.00
6500.00
6500.00
6500.00
6500.00
6500.00
6500.00
6500.00
6498.00
6276.00
6272.00
6268.00
6253.00
6207.00
6138.00
5976.00
5552.00
5418.00
5388.00
5383.00
5379.00
5375.00
5372.00
5369.00
5366.00
5362.00
5359.00
5357.00
5355.00
5354.00
5353.00
5352.00
5352.00
5353.00
5355.00
5357.00
5359.00
5363.00
5367.00
5370.00
5375.00
5382.00
5392.00
5402.00
5416.00
5431.00
5443.00
5460.00
5476.00
5493.00
5532.00
5588.00
5638.00
5684.00
5727.00
5770.00
5818.00
5864.00
5916.00
5971.00
6026.00
6080.00
6136.00
6194.00
6253.00
6319.00
6391.00
6454.00
6500.00
6500.00
6500.00
6500.00
6500.00
6500.00
6500.00
6500.00
6500.00
6500.00
6500.00
6500.00
6500.00
6500.00
6500.00
6500.00
6500.00
6500.00
6500.00
6500.00
6500.00
6500.00
6500.00
6500.00
6500.00
6500.00
6500.00
6500.00
6500.00
6500.00
6500.00
6500.00
6500.00
6500.00
6500.00
6500.00
6500.00
6500.00
6500.00
6500.00
6500.00
6500.00
6500.00
6500.00
6500.00
6500.00
6500.00
6500.00
6500.00
6500.00
6500.00
6500.00
6500.00
6500.00
6500.00
6500.00
6500.00
6500.00
6500.00
6500.00
6500.00
6500.00
6500.00
6500.00
6500.00
 600.00
 600.00
 600.00
 600.00
 600.00
 600.00
 600.00
 600.00
 600.00
 600.00
 600.00
 600.00
 600.00
 600.00
 600.00
 600.00
 600.00
4500.00
4511.00
4509.00
4535.00
4541.00
4544.00
4513.00
4541.00
4541.00
4541.00
4541.00
4514.00
4515.00
4546.00
4515.00
4516.00
4516.00
4549.00
4516.00
4557.00
4520.00
4562.00
4524.00
4593.00
4593.00
4593.00
4527.00
4527.00
4524.00
4527.00
4583.00
4583.00
4583.00
4583.00
4527.00
4583.00
4593.00
4531.00
4531.00
4583.00
4531.00
4624.00
4562.00
4624.00
5083.00
5062.00
5062.00
5062.00
5062.00
5062.00
5187.00
5049.00
5187.00
5062.00
5062.00
5062.00
5187.00
5374.00
5124.00
5249.00
6500.00
6500.00
6500.00
6500.00
6500.00
6500.00
6500.00
6500.00
6500.00
6500.00
6500.00
6500.00
6500.00
6500.00
6500.00
6500.00
 600.00
 600.00
 600.00
 600.00
 600.00
 600.00
 600.00
 600.00
 600.00
 600.00
 600.00
 600.00
 600.00
 600.00
 600.00
 600.00
 600.00
 600.00
 600.00
 600.00
 600.00
 600.00
 600.00
 600.00
 600.00
 600.00
 600.00
 600.00
 600.00
 600.00
 600.00
 600.00
 600.00
 600.00
 600.00
 600.00
 600.00
 600.00
 600.00
 600.00
 600.00
 600.00
 600.00
 600.00
 600.00
 600.00
 600.00
 600.00
 600.00
 600.00
 600.00
 600.00
 600.00
