-5.620833022600968 
-5.620225893851361 
-5.621186188064176 
-5.622802481160538 
-5.624366453900964 
-5.626385130455325 
-5.627617828438458 
-5.629021212820828 
-5.630545899701911 
-5.632165173790060 
-5.633844917922071 
-5.635573637699287 
-5.637263387423874 
-5.639004232377731 
-5.640756650808099 
-5.642497911510502 
-5.644220041721826 
-5.645981259459698 
-5.647589390652685 
-5.649125720567305 
-5.650630985818528 
-5.652123020863598 
-5.653617342208372 
-5.655256012355947 
-5.656880367188699 
-5.658509407761136 
-5.660158265917259 
-5.661755746165564 
-5.663383206464978 
-5.665018514000808 
-5.666659212922975 
-5.668318589106880 
-5.669970319958528 
-5.671629905353415 
-5.673299651261843 
-5.675026582167786 
-5.676785902044235 
-5.678565101276845 
-5.680357154331683 
-5.682157483270500 
-5.683899052418839 
-5.685615346119111 
-5.687319838114324 
-5.689018945351010 
-5.690714998664137 
-5.692408620366574 
-5.694372315726559 
-5.696189092188164 
-5.698219933537807 
-5.700060216789482 
-5.702061871241559 
-5.704125607805088 
-5.706199540204793 
-5.708259833503759 
-5.710296755544575 
-5.712307158316166 
-5.714290816801970 
-5.716248721685413 
-5.718182306026276 
-5.720090548597456 
-5.721986326637341 
-5.723856136135352 
-5.725779766751149 
-5.727505239024877 
-5.729336666300155 
-5.731203202689050 
-5.733077486010041 
-5.734946418536002 
-5.736801006575476 
-5.738649565407372 
-5.740466177256653 
-5.742304677786025 
-5.744100815741060 
-5.745791336842165 
-5.747346079446713 
-5.748828031001407 
-5.750258374812467 
-5.751396226716499 
-5.752608992427022 
-5.753538078165477 
-5.754295230588125 
-5.754952793129320 
-5.755526390707977 
-5.756030129745682 
-5.756492168544458 
-5.756880931025998 
-5.757194727693538 
-5.757457911663488 
-5.757659194937759 
-5.757802485418462 
-5.758136332022601 
-5.758437272451178 
-5.758815487252766 
-5.759223350286558 
-5.759636250424527 
-5.760046331395818 
-5.760451409034362 
-5.760849536413315 
-5.761240157971415 
-5.761622954373324 
-5.761997691029475 
-5.762384368939055 
-5.762768990929423 
-5.763146276565712 
-5.763514238840250 
-5.763872338866105 
-5.764209661952902 
-5.764531401560080 
-5.764833745933839 
-5.765097953549403 
-5.765360545163967 
-5.765609248272741 
-5.765849155956349 
-5.766081892996766 
-5.766308335914738 
-5.766528933269233 
-5.766743925636364 
-5.766952146860627 
-5.767150258728981 
-5.767339852342124 
-5.767575032592842 
-5.767940736586485 
-5.768491452061264 
-5.769034577597254 
-5.769576075816962 
-5.770160129473512 
-5.770796193890759 
-5.771482491431001 
-5.772218527675399 
-5.773001961568935 
-5.773847105078445 
-5.774741058254484 
-5.775686726341878 
-5.776599591337916 
-5.778126057778832 
-5.779250148547965 
-5.780496628747467 
-5.781800338112819 
-5.783128655256431 
-5.784474256490757 
-5.785814365237618 
-5.787151354611497 
-5.788484208975708 
-5.789809179514771 
-5.791132890147099 
-5.792452347122445 
-5.793926280379114 
-5.795309219782885 
-5.796792371411508 
-5.798311681053270 
-5.799837815782971 
-5.801359450506194 
-5.802866250588790 
-5.804348093263800 
-5.805814942086540 
-5.807264545564017 
-5.808720283848823 
-5.810170253467750 
-5.811610521566202 
-5.813031109196842 
-5.814454642369071 
-5.815854059261549 
-5.817257051956570 
-5.818635330579580 
-5.820012892537973 
-5.821373855776746 
-5.822716536900252 
-5.824073702619947 
-5.825420666047187 
-5.826776432233394 
-5.828063493822588 
-5.829314758250104 
-5.830536346765669 
-5.831738100877670 
-5.832932773316535 
-5.834118986589587 
-5.835332681434768 
-5.836531545728274 
-5.837635076046066 
-5.838729070481552 
-5.839910208636168 
-5.841096096746323 
-5.842267297261228 
-5.843414698122773 
-5.844661422879205 
-5.845906698703551 
-5.847163709668757 
-5.848454099646627 
-5.849738125545678 
-5.851014616661265 
-5.852237976194496 
-5.853441423770089 
-5.854636373090472 
-5.855833933748111 
-5.857035389077336 
-5.858309179216481 
-5.859576573254310 
-5.860887816367066 
-5.862207365827876 
-5.863483064365349 
-5.864673093441741 
-5.865840347211715 
-5.866981610225919 
-5.868099792159631 
-5.869200143690856 
-5.870295749953902 
-5.871494631771723 
-5.872741903464984 
-5.874016154630901 
-5.875320233779457 
-5.876648162353115 
-5.877994598484260 
-5.879369522256650 
-5.880773008975271 
-5.882182863057195 
-5.883518540182320 
-5.884764285860822 
-5.885902539114030 
-5.886940375173122 
-5.887884920064201 
-5.888761199395742 
-5.889378208498330 
-5.890029674191610 
-5.890638264308357 
-5.891227631007245 
-5.891801491996751 
-5.892361286021996 
-5.892908132792640 
-5.893443043895163 
-5.893966927707939 
-5.894480586535522 
-5.894984723215368 
-5.895479952796823 
-5.895966815144149 
-5.896445786480964 
-5.896917289195835 
-5.897381699892956 
-5.897839355924583 
-5.898290560686359 
-5.898735587923198 
-5.899174685275121 
-5.899608077224006 
-5.900035967562722 
-5.900456117428843 
-5.900871460061463 
-5.901305728455597 
-5.901744248018259 
-5.902147982006722 
-5.902516244488121 
-5.902866987632427 
-5.903269011629408 
-5.903631269999154 
-5.904029028180990 
-5.904382007744124 
-5.904763064482621 
-5.905151017966737 
-5.905536200259576 
-5.905913872202184 
-5.906281251894074 
-5.906638220915639 
-5.906985018254707 
-5.907322064721221 
-5.907649840320217 
-5.907968825571097 
-5.908279476241285 
-5.908582214427582 
-5.908877427157289 
-5.909165468172439 
-5.909446660862905 
-5.909730922336376 
-5.910012677047161 
-5.910303680671580 
-5.910586891370806 
-5.910859645205435 
-5.911110490857463 
-5.911342996630209 
-5.911562577263330 
-5.911772085839262 
-5.911973097588841 
-5.912166645961170 
-5.912353489454403 
-5.912534227560329 
-5.912709357672297 
-5.912876453122440 
-5.913042997837792 
-5.913204242395942 
-5.913361013276774 
-5.913513782970448 
-5.913662836789291 
-5.913808402926435 
-5.913950680715541 
-5.914089849437199 
-5.914226072082474 
-5.914359497539379 
-5.914490262178718 
-5.914618491133616 
-5.914744299394092 
-5.914867792740197 
-5.914989068569465 
-5.915108216604792 
-5.915225319528816 
-5.915340453525930 
-5.915453688771777 
-5.915564916325944 
-5.915673438107838 
-5.915779012590328 
-5.915349054965935 
-5.915690303846977 
-5.918296883450025 
-5.923055807104838 
-5.929620849114969 
-5.939463888944729 
-5.950832482493729 
-5.963429665655107 
-5.976748643037211 
-5.991881943179123 
-6.008931290175545 
-6.027374592084023 
-6.045676533564359 
-6.064725424497541 
-6.084380562128788 
-6.108300031726466 
-6.132332638392302 
-6.160795513579731 
-6.181739404705344 
-6.203677521282480 
-6.223621021886783 
-6.242870962281488 
-6.266031038461128 
-6.289773316735081 
-6.316300932384777 
-6.342433419072813 
-6.363199278228149 
-6.381467204006896 
-6.397977976109859 
-6.417277879702588 
-6.433848474803328 
-6.449873511899296 
-6.466688389455522 
-6.482098107795653 
-6.499090052804357 
-6.516981281738166 
-6.535690651189530 
-6.555359645437631 
-6.573367207429848 
-6.591090614712747 
-6.611721631641920 
-6.633072106243088 
-6.654610730442601 
-6.669526576497997 
-6.686469447704901 
-6.704532779543193 
-6.724714848583169 
-6.741293739955356 
-6.760101601165358 
-6.779127662240647 
-6.793519123292180 
-6.813415225872865 
-6.831211521155511 
-6.849645974886132 
-6.865012425704697 
-6.879956123715614 
-6.895131546380107 
-6.910648428728905 
-6.926464144188849 
-6.942540161972488 
-6.959624782598817 
-6.974766440044466 
-6.991084139967740 
-7.007795025739338 
-7.024658232648862 
-7.040656206923179 
-7.056882585881996 
-7.073643098207683 
-7.090521644940284 
-7.107720759441327 
-7.124529555849191 
-7.138430612327773 
-7.155671829537913 
-7.173021411569613 
-7.186275162269995 
-7.202276124500973 
-7.221495657002031 
-7.236225146810882 
-7.248611148705786 
-7.259298911319489 
-7.269373194275452 
-7.281974824429271 
-7.297175286420154 
-7.308372962196996 
-7.319055071025038 
-7.334463388682155 
-7.356077419396034 
-7.380656834385046 
-7.404763585264762 
-7.426832561103769 
-7.446307831937893 
-7.463093763105610 
-7.477269125195862 
-7.488986553015220 
-7.498412450903325 
-7.505705732437917 
-7.511008510531880 
-7.514443671754023 
-7.516114710568678 
-7.516106460520477 
-7.514485911590429 
-7.511302829529387 
-7.506590029994209 
-7.500363229264617 
-7.492620403879879 
-7.483340572466135 
-7.472481880168691 
-7.459978808284196 
-7.445738257406798 
-7.429634136164265 
-7.411499925126797 
-7.391118445369993 
-7.368207705147900 
-7.342401191063441 
-7.313220243309160 
-7.280035275297525 
-7.242011848629493 
-7.198038521594508 
-7.146640887594091 
-7.085915611390048 
-7.013603945005609 
-6.927587092261600 
-6.827062669917505 
-6.713716171714679 
-6.590716656977635 
-6.463753988295684 
-6.328084041636428 
-6.327602022241474 
-6.326391631270134 
-6.325306510733042 
-6.323685754354602 
-6.321278176706802 
-6.317690112024765 
-6.312371244716952 
-6.304533529086997 
-6.301361834200492 
-6.299418679732494 
-6.297840702103819 
-6.296385527390203 
-6.295050288996573 
-6.293796191886636 
-6.292557704395407 
-6.290923248250757 
-6.288495711715525 
-6.284879032403712 
-6.279523534592713 
-6.271645753979871 
-6.260655469391252 
-6.244846665357073 
-6.222595189898539 
-6.192234135050101 
-6.152687514311972 
-6.104592537689246 
-6.051674692850062 
-6.001303767912636 
-5.988701748798952 
-5.983584025681110 
-5.982088110705330 
-5.981568478208521 
-5.981263414252092 
-5.981143785086185 
-5.981125482457883 
-5.981179914727242 
-5.981315789057251 
-5.981524165569296 
-5.981804379289857 
-5.982151927291790 
-5.982564115362687 
-5.983038759747705 
-5.983573982402013 
-5.984168107438403 
-5.984824856807180 
-5.985816851593162 
-5.987283333914184 
-5.989457837337397 
-5.992699424831827 
-5.997544234460528 
-6.004782668089237 
-6.007795474452626 
-6.009365440274972 
-6.010174200421714 
-6.010808202465578 
-6.011315711339726 
-6.011724461503776 
-6.012022172301235 
-6.012239523445428 
-6.012395321234876 
-6.012468076985966 
-6.012463070401819 
-6.012378667764162 
-6.012227112473845 
-6.012000903013348 
-6.011682047933009 
-6.011204449924978 
-6.010460793846706 
-6.009284946692173 
-6.007413121042360 
-6.004755910537729 
-6.002580039077277 
-6.000208008950514 
-5.999302616543356 
-5.998376457777121 
-5.997548883167281 
-5.996359724815048 
-5.994651517222449 
-5.992138276439629 
-5.990904640165384 
-5.990479154055484 
-5.989999377874922 
-5.989236029343870 
-5.988098726738000 
-5.986408757523209 
-5.983917224029911 
-5.980299464360184 
-5.975197814832800 
-5.974626369931402 
-5.974131038272379 
-5.973861834629890 
-5.973666585361692 
-5.973491503557526 
-5.973331295309858 
-5.973210296090881 
-5.973100387834940 
-5.972932446728141 
-5.972692461955864 
-5.972329226715756 
-5.971788274170553 
-5.970986756708374 
-5.970220406138926 
-5.970220573260021 
-5.970181878557690 
-5.970147986089969 
-5.970113761672446 
-5.970075026562771 
-5.969980129189256 
-5.969861917647923 
-5.969681785014558 
-5.969426383522936 
-5.969036963787366 
-5.968457043507791 
-5.967599946380853 
-5.966368280237777 
-5.964572499411069 
-5.962034941073724 
-5.958547541437098 
-5.953960946011305 
-5.953120202939921 
-5.952320350769313 
-5.951363316171854 
-5.950657000470594 
-5.949687346243238 
-5.949270566306897 
-5.949067116757911 
-5.949015425537496 
-5.949073423045736 
-5.949233766706530 
-5.949479579268280 
-5.949814636124873 
-5.950223359630469 
-5.950647861231673 
-5.951271470169828 
-5.952195499293378 
-5.953591776636680 
-5.955677971601903 
-5.958801636674171 
-5.960472284439078 
-5.961638024313709 
-5.962029787191958 
-5.962256773131003 
-5.962352192504183 
-5.962360674010236 
-5.962288758680767 
-5.962175665795377 
-5.962013576528924 
-5.961762359632639 
-5.961377476712659 
-5.960776980455718 
-5.959834195602531 
-5.958357878484422 
-5.956096940416988 
-5.953142445581872 
-5.949629436485138 
-5.945715592462486 
