713.941824973481289 
717.402314500253965 
720.691740379983344 
724.283548105690784 
727.332761545444555 
730.926698098001225 
732.957086628996308 
735.164059330493501 
737.460223474611553 
739.782342124714205 
742.085480333773376 
744.331836665498827 
746.438595511642234 
748.490983853781245 
750.459155001541717 
752.324784261550121 
754.093093764089758 
755.831966984537985 
757.363003666529380 
758.782601270499754 
760.129764479157870 
761.438386768137320 
762.718413366245159 
764.096043490467082 
765.435356045818708 
766.754256205506067 
768.066689966131889 
769.318771245141875 
770.572099828710520 
771.817096993038490 
773.050112240592057 
774.266374053821778 
775.472580631472738 
776.671417125955031 
777.862725899482371 
779.078418016794217 
780.300985571035767 
781.521452345533589 
782.735142745723920 
783.939384433931991 
785.091554987827976 
786.214199160339149 
787.317514335671376 
788.406926663980357 
789.484888286998853 
790.552508962791990 
791.777776705821111 
792.906487340898025 
794.156491371232164 
795.285534550656962 
796.503852333965483 
797.754265696845550 
799.005845982965639 
800.244817561899367 
801.466021608952587 
802.668257454636318 
803.852021084722196 
805.018460536821863 
806.168911073910976 
807.305788016887163 
808.429494416325383 
809.543043357403576 
810.682721928558067 
811.712953102947154 
812.799797643824036 
813.909917978389558 
815.025570196101853 
816.138783829159706 
817.247276638293442 
818.347438197606493 
819.446681153121972 
820.532217205161942 
821.619160728996576 
822.642592749759274 
823.575358773875223 
824.460582589620799 
825.319362727844009 
826.006149931433015 
826.625200857124469 
826.973721359979322 
827.158480483048947 
827.227101782042610 
827.203633530986167 
827.095799588599448 
826.901264838897077 
826.629351572089831 
826.290101003165319 
825.876926610520968 
825.394479710990026 
824.846338794384110 
824.245123622834626 
823.799777633456415 
823.291109304626502 
822.793903943239570 
822.333857499414762 
821.915359844918498 
821.537055143321595 
821.197084136941271 
820.892942645842709 
820.622800582635364 
820.385465576874026 
820.169845566786762 
819.985973565202585 
819.837182020594923 
819.724262226640121 
819.645989159717715 
819.604476771702593 
819.595961745417867 
819.602886619505853 
819.648732858162361 
819.710605730369025 
819.797434452914331 
819.905649316624590 
820.034951395121652 
820.185083049602099 
820.355818913720100 
820.546932719311371 
820.764391025353689 
820.991521593233756 
821.237330247608270 
821.557524003776507 
821.837395320935229 
822.445964817525692 
823.125163646088822 
823.869878791512065 
824.683661121319005 
825.562492282667222 
826.511904396634918 
827.532209276932917 
828.621145611031125 
829.776393017082228 
830.997900881434475 
832.284631130096500 
833.602332975258719 
835.856006242766739 
837.416233823867060 
839.046787034710178 
840.668300860759246 
842.246717990213369 
843.767933166869739 
845.241123622646569 
846.667207223935293 
848.050961007670367 
849.398607192526129 
850.711981379702365 
851.996210803137046 
853.403823155842588 
854.711907527333210 
856.088174265026169 
857.481950691240172 
858.866215152884251 
860.229104629172298 
861.568476145552381 
862.885981268524006 
864.178986005683782 
865.452376500011724 
866.722814536126066 
867.984170664315229 
869.233660610340849 
870.474818778066606 
871.697845915712037 
872.917358756761473 
874.122510654504140 
875.328411083681090 
876.523542117921124 
877.722032042424644 
878.884013828242587 
880.068077934179655 
881.261266302205854 
882.459145499766919 
883.601965721683541 
884.718640624047794 
885.815084268486544 
886.893247256163704 
887.974544666367592 
889.048190115224315 
890.161262449100150 
891.290059862380303 
892.350785181586843 
893.394506780689539 
894.547160625178435 
895.711899524519026 
896.882108478813166 
898.050077072223189 
899.242027002478608 
900.460973757209445 
901.691150024210515 
902.959071714913534 
904.258529700128406 
905.555486930326765 
906.801732824724013 
908.030008885051416 
909.256085756122729 
910.486001582160725 
911.729120736733762 
912.992550465589943 
914.257760610581727 
915.574527554880774 
916.919078220843289 
918.231315650816100 
919.503535588092745 
920.751120440701015 
921.966476836968582 
923.156056340712325 
924.325274203780509 
925.482390822617276 
926.736743815952991 
928.045317800437147 
929.385542184809879 
930.739484881547128 
932.102480672889442 
933.465844728031811 
934.834870699486601 
936.192855708143611 
937.534205354903293 
938.763909423147084 
939.878142539432019 
940.861821735889066 
941.723282303981364 
942.476748403062743 
943.148408954848492 
943.609339501868249 
944.088431069581247 
944.540897201490793 
944.979879123669548 
945.406224195405571 
945.820498648437137 
946.223692391039208 
946.617013312517997 
947.001719091899758 
947.379034553787164 
947.750119554083312 
948.116061343463684 
948.477877524951055 
948.836522927385658 
949.192897391268730 
949.547853210498033 
949.902201786222577 
950.256719398293399 
950.612152130224558 
950.969220045785164 
951.328620713240298 
951.691032162743682 
952.057993777636852 
952.428548980772575 
952.823534250857165 
953.233742679466218 
953.621964181531780 
953.985237618200017 
954.341858642322904 
954.765447446117378 
955.155803567970224 
955.601516334198323 
956.007913488924260 
956.463686927980916 
956.943835655290627 
957.438422138502801 
957.941999593053424 
958.450776087667919 
958.964173044572931 
959.481989818800798 
960.004276994250290 
960.531195875351614 
961.062945306692200 
961.599726296261906 
962.141726159905488 
962.689112538967720 
963.242032198167522 
963.800612025439705 
964.383655951438527 
964.982610382103985 
965.621528795569589 
966.276379043781503 
966.936391601132755 
967.551903025655520 
968.143082433912014 
968.718877162260696 
969.284203676199809 
969.841827677456081 
970.393433255336618 
970.940154809059095 
971.482830861353023 
972.022129855125172 
972.559625863486417 
973.093467773806196 
973.626493671453318 
974.158083729494479 
974.688584383889975 
975.218342217391182 
975.747684295154045 
976.276921475084464 
976.806350249258344 
977.336254469470759 
977.866907019572523 
978.398571364721533 
978.931502949457922 
979.465950458597604 
980.002156940657301 
980.540360817475175 
981.080796784571703 
981.623696631230587 
982.169289973433138 
982.717804914507155 
983.268710578575678 
983.818730352835018 
984.366087602653238 
987.415750343207151 
1000.577091191052546 
1022.383741436976266 
1050.900044417307981 
1084.924673106749196 
1132.337277985747050 
1185.305430669874568 
1243.091281408282612 
1304.027979782364810 
1372.703889363634062 
1448.946299797504480 
1530.622996796742882 
1612.469525289544663 
1702.119747384766697 
1802.641057714179169 
1925.904323198122256 
2039.684787290411350 
2167.380004734922295 
2257.916334462620853 
2354.049837212246530 
2444.585156313490643 
2532.565172299423921 
2639.417793596335741 
2746.543934441996043 
2864.107183459612770 
2980.495627563523158 
3075.628228149210827 
3161.209964170681360 
3240.333112136185719 
3334.746001604492449 
3417.634549414819503 
3500.428231029883136 
3589.254560078592021 
3671.452868851952189 
3762.191078006210773 
3857.508230155234742 
3956.937081041417514 
4061.369432359659640 
4157.254997786396416 
4251.607172509787233 
4362.038583846331676 
4477.109106811483798 
4594.119354918417230 
4675.977117943381018 
4769.151196315204288 
4869.190900671166673 
4981.608177878707465 
5074.394663054430566 
5179.894936260420764 
5286.840341961138620 
5367.915295183182025 
5479.814605116517669 
5579.960390140285199 
5683.583602032972522 
5754.574856190923128 
5805.520131922055953 
5843.658123068421446 
5870.439470968393834 
5886.302709078569023 
5891.525037001139935 
5885.749739611501354 
5871.507712521888607 
5846.990040664346452 
5812.431609817724166 
5768.238131672311283 
5717.934338292354369 
5658.862721119746311 
5589.568649317106974 
5511.525776772403333 
5423.806605043926538 
5334.402659423943078 
5259.084826439750032 
5164.349888897293567 
5067.664363681631585 
4992.809357597988310 
4901.252847875942280 
4789.583511980557887 
4702.702752339131621 
4628.914152214901151 
4564.665696620780182 
4503.587799465190983 
4426.472139654172679 
4332.195138911351023 
4261.900105714983511 
4193.777071491401330 
4094.317271498317041 
3951.387398049908370 
3782.187729820302138 
3607.081986860119741 
3436.213910419461172 
3273.840442087857809 
3121.313715459280957 
2978.787176857873874 
2845.804379786232857 
2721.702526853666313 
2605.763123945004281 
2497.290046923355931 
2395.636119235737624 
2300.212110997806576 
2210.485922439768729 
2125.978689580477294 
2046.259640262260518 
1970.940998421653148 
1899.673250005593673 
1832.140963839670803 
1768.059176545209311 
1707.170343547841867 
1649.241825207750480 
1594.063925930166761 
1541.448508278721192 
1491.228269742820885 
1443.256844196559541 
1397.410006180659138 
1353.588470294058880 
1311.723087276490787 
1271.783827938613285 
1233.794853351831307 
1197.859476285754226 
1164.200589956602016 
1133.222059725996814 
1105.583506756229099 
1082.222864398669117 
1064.136528219213005 
1051.778612426965083 
1044.519833048539567 
1041.024415908698302 
1039.693752513532900 
1039.666772465584017 
1039.669468879263604 
1039.671049055118601 
1039.673161257709125 
1039.658927271744915 
1039.651882545346098 
1039.639945654568919 
1039.626963023003100 
1039.645104512665512 
1039.666064752080501 
1039.680515322641895 
1039.706791693587320 
1039.717001713738227 
1039.724210095970193 
1039.717675527676874 
1039.715360053386803 
1039.694368024634969 
1039.679652357891882 
1039.656956074675008 
1039.629855485843109 
1039.616034541949602 
1039.594508285174243 
1039.577104538394678 
1039.581804645791635 
1039.623909287893412 
1039.706412453697112 
1039.863466762231155 
1040.101057724516522 
1040.293763425846464 
1040.379693817392990 
1040.388257923878655 
1040.406391309146329 
1040.443519302342793 
1040.806526636436502 
1041.421999365604279 
1042.286083525477807 
1043.349594118622008 
1044.597747922635790 
1046.018436021162188 
1047.602146374641052 
1049.342240588431423 
1051.233373694333523 
1053.270963662880831 
1055.450940013784930 
1057.608838786912429 
1060.561676062377046 
1064.821431681499917 
1070.985491116348840 
1079.890186540734476 
1092.592450105290936 
1110.277230104918317 
1117.170447639293798 
1120.366328420455375 
1121.506766562523808 
1122.203256226020585 
1122.562911145054841 
1122.628710443929549 
1122.465482237413198 
1122.075071712283943 
1121.425450690157049 
1120.563769322802045 
1119.502588567076145 
1118.461544084494562 
1117.095135465316389 
1115.231313130912667 
1112.597953519616794 
1108.870892015499976 
1103.674250916526034 
1096.654756465774199 
1087.640461119121483 
1077.864167683487040 
1071.154818987914950 
1065.253955588965709 
1064.201977760183809 
1063.745753774784134 
1063.493723560819944 
1063.083464679877807 
1062.546925760869499 
1061.850245039648598 
1061.128530468018198 
1060.219615584950589 
1059.305272158597745 
1058.079438781957379 
1056.388591167574077 
1054.168579261062632 
1051.442646355134229 
1048.404213935224561 
1045.472757076521020 
1045.211835507835531 
1045.051487788273789 
1044.975686707356090 
1044.918510786008255 
1044.862363578253508 
1044.810937429940850 
1044.769629508783964 
1044.731442054069021 
1044.677616069184069 
1044.579731807296866 
1044.453836860184992 
1044.273391393088559 
1044.025938716741621 
1043.809862669413860 
1043.807470379413189 
1043.797871611023766 
1043.787232305883208 
1043.773078391992385 
1043.757713671525835 
1043.730871125359499 
1043.700145148199681 
1043.648921517951067 
1043.570242622799469 
1043.464287936545816 
1043.312814793336884 
1043.108240041874751 
1042.856956117876507 
1042.550649071662519 
1042.210950373265177 
1041.899095196680264 
1041.691851080523065 
1041.664284630615612 
1042.138545442397799 
1043.142882813071083 
1042.861986619240497 
1042.635456311826374 
1042.543454110310677 
1042.528163023979459 
1042.850148863308732 
1043.475693017768663 
1044.322515139347615 
1045.439567100087061 
1046.748467667131081 
1048.207004039859612 
1049.441567257073302 
1051.220814213981157 
1053.777764680407245 
1057.446983252440532 
1062.629168834113898 
1069.719338781929764 
1073.207073221055225 
1075.294344395798817 
1075.469273706885133 
1075.328820649930549 
1074.912864392722213 
1074.241743678512194 
1073.576818624816497 
1072.718686650314339 
1071.523935426272601 
1069.854630818722171 
1067.520324138757587 
1064.389827881248266 
1060.419535897367723 
1055.774119649646536 
1050.949737564685392 
1047.091527997223238 
1044.550925826587445 
1043.181256913916741 
