 0.000000000000000 
309.658889171513692 
625.607566261646866 
957.557029056111787 
1274.633462876264275 
1703.655644431319388 
2082.650924184379619 
2572.063450332574575 
3130.963315435969434 
3669.006724933806254 
4012.494356785700347 
4485.803278274626791 
4932.170878763141445 
5483.154807392122166 
5820.842007989176636 
6224.150289880579294 
6722.593587856027625 
7327.538959703759247 
7857.349234637224072 
8330.812562155411797 
8637.583924474343803 
8961.115000475232591 
9286.141771527671153 
9640.916665878277854 
10030.428943616161632 
10402.342900819012357 
10752.042632633432731 
11096.158901573317053 
11444.003261182559072 
11810.043782275735794 
12209.887005922979370 
12661.419206996943103 
13033.297439873213079 
13704.402623324058368 
14212.534872275622547 
14705.717272619856885 
15286.349572281389555 
15735.130388801228037 
16172.208976359683220 
16581.007190420910774 
16974.100705600121728 
17367.414602549477422 
17776.448527629021555 
18217.662189057646174 
18735.729727895206452 
19207.645835706371145 
19894.379703077029262 
20734.490068942526705 
21886.155252455278969 
22781.803918450772471 
23665.713408049625286 
24267.790376945784374 
24853.313566484765033 
25516.901696367109253 
26312.301722242864344 
27299.824040883544512 
28539.796312421844050 
30134.131220855480933 
32213.881954771655728 
34817.360073226125678 
38020.613330911619414 
41731.100245373701910 
45107.443498680564517 
48089.484801731261541 
51229.005909754567256 
54151.059412767230242 
56986.973005949723301 
59807.884982888390368 
62648.646062538507977 
65551.187162164962501 
68441.933307676066761 
70904.853330790225300 
73243.388454060259392 
75780.809801082665217 
78175.254700747609604 
80517.319145264555118 
83104.771691257730708 
85865.340545037994161 
88461.994970328960335 
90954.558533403265756 
93248.757661900250241 
95550.190760915764258 
97859.292118528610445 
100297.748012930562254 
102646.272350965446094 
104974.484502373015857 
107219.086267829901772 
109963.017670835310128 
112920.579261901584687 
116284.934954509400995 
119527.429774900854682 
122797.372162971863872 
125102.294334448393784 
127268.405867724315613 
129806.306599175091833 
132407.315762954211095 
135679.886800597771071 
139563.350165708136046 
143252.735037004225887 
147453.432224359217798 
151748.878401905647479 
156844.920866912230849 
162395.460169653873891 
166381.154880182351917 
170176.413056763907662 
174632.098369958257535 
179413.612088782567298 
183533.186242368072271 
187356.034622263687197 
190906.850885654275771 
194530.643200173159130 
198293.338898365211207 
202142.206368064857088 
205817.296146253182087 
209215.664641492418014 
213152.160530531051336 
217832.735149312968133 
223784.372655714309076 
229183.977973880158970 
234276.899322466197191 
240385.605483681458281 
247197.779205788508989 
250143.287278087693267 
252949.520969307632186 
255722.920778066996718 
258465.855179673177190 
261847.861759508785326 
266920.871629262226634 
272616.580626736627892 
278368.392445842560846 
284493.768482033163309 
288996.187639290583320 
293161.337308109737933 
297214.101004099298734 
300206.242392092244700 
303038.334920069901273 
305357.362864629307296 
307689.827945153345354 
309988.486351575993467 
312265.592148928088136 
315505.755063537333626 
318882.284520194574725 
323457.669685201719403 
328872.218998071562964 
334990.069065348361619 
339206.031533485860564 
343014.789757314487360 
347150.642650600755587 
350873.958180921326857 
356458.931476402212866 
360421.871805760019924 
364316.854729110782500 
368141.485636980272830 
372714.027971974341199 
376034.022618044284172 
379275.224652925215196 
382304.869503846624866 
386064.393536583578680 
390492.441923211037647 
396283.751728364615701 
402795.299870861810632 
408665.056347673234995 
414712.379560582630802 
423783.364379946724512 
430422.750419828749727 
435833.749664415372536 
441110.593357069650665 
446444.041655729059130 
454444.214103718230035 
459910.642250044213142 
465303.818506086769048 
470246.183667965466157 
477293.924506557814311 
480691.253211083821952 
483755.923927659809124 
486879.192168392066378 
490371.436710190610029 
494391.807176984439138 
496213.959843069838826 
496874.231800958397798 
497174.775885069335345 
497542.389927004696801 
497853.374605824588798 
498294.864946012676228 
498606.268032101506833 
498938.193225872411858 
499258.251975090475753 
499593.853672308789100 
500054.409583519503940 
500505.408460361417383 
500923.235496343811974 
501390.839034844830167 
501778.439072710636538 
502178.281812649103813 
502497.864791920350399 
502835.156418678758200 
503266.616008435725234 
503719.549203849921469 
504116.311856501095463 
504475.875742108852137 
504952.566795327409636 
505502.506041477026884 
506111.799489911587443 
506441.506378748104908 
506782.573917900503147 
507131.899776643025689 
507487.180446139769629 
507846.727752073667943 
508209.315975133155007 
508574.061016542778816 
508940.328147913969588 
509307.663172634667717 
509675.741837025503628 
510044.333038664597552 
510413.272260875673965 
510776.417980426980648 
511126.537854855356272 
511461.877030466101132 
511785.206129681959283 
512281.691977334965486 
512787.772763652552385 
513399.562282085127663 
513730.140903727209661 
514071.552473355550319 
514420.827697880624328 
514775.766080246190540 
515134.757747031690087 
515496.635445868654642 
515860.558153277437668 
516225.922571502043866 
516592.297280125261750 
516959.374448896327522 
517326.934776050911751 
517694.822202368755825 
518062.925761466089170 
518431.166595428308938 
518799.488687379576731 
519167.852257844817359 
519536.229064713988919 
519904.599060825712513 
520272.948018417111598 
520641.265841457527131 
521009.545367038284894 
521377.781514277507085 
521745.970680083555635 
522114.110310221149120 
522482.198594846355263 
522850.234252407681197 
523218.216376269119792 
523586.144325859553646 
523954.017649419023655 
524321.836029176251031 
524689.599242440308444 
525057.307133991504088 
525424.959596488624811 
525792.556556562311016 
526160.097964949556626 
526527.583789493190125 
526895.014010173268616 
527262.388615578878671 
527629.707600411027670 
527996.970963704399765 
528364.178707567043602 
528731.330836288165301 
529098.427355704363436 
529465.468272747704759 
529832.453595128143206 
530199.383331106975675 
530566.257489333627746 
530933.076078734244220 
531299.839108429849148 
531666.546587680000812 
532033.198525840183720 
532399.794932334101759 
532766.335816633305512 
533132.821188241243362 
533499.251056684646755 
533865.625431504682638 
534231.944322253111750 
534598.207738487981260 
534964.415689771063626 
535330.568185665528290 
535696.665235735243186 
536062.706849544891156 
536428.693036657525226 
536794.623806634335779 
537160.499169034417719 
537526.319133414188400 
537892.083709329250269 
538257.792906332528219 
538623.446733973454684 
538989.045201800763607 
539354.588319358648732 
539720.076096190256067 
540085.508541835937649 
540450.885665833018720 
540816.207477715797722 
541181.473987017176114 
541546.685203266097233 
541911.841135989408940 
542276.941794711514376 
542641.987188955419697 
543006.977328240172938 
543371.912222080281936 
543736.791879989206791 
544101.616311478195712 
544466.385526056285016 
544831.099533229367808 
545195.758342500543222 
545560.361963370698504 
545924.910405337810516 
546289.403677897178568 
546653.841790542122908 
547018.224752762587741 
547382.552574046305381 
547746.825263877166435 
548111.042831737315282 
548475.205287106567994 
548839.312639461830258 
549203.364898278028704 
549567.362073026248254 
549931.304173175827600 
550295.191208194359206 
550659.023187544662505 
551022.800120687694289 
551386.522017083247192 
551750.188886186922900 
552113.800737451761961 
552477.357580329640768 
552840.859424268128350 
553204.306278712931089 
553567.698153107194230 
553931.035056890686974 
554294.316999501665123 
554657.543990375939757 
555020.716038945945911 
555383.833154641790316 
555746.895346891717054 
556109.902625119895674 
556472.854998747934587 
556835.752477195695974 
557198.595069880364463 
557561.382786215632223 
557924.115635614260100 
558286.793627485516481 
558649.416771236225031 
559011.985076270415448 
559374.498551990254782 
559736.957207794301212 
560099.361053078901023 
560461.710097237140872 
560824.004349661176093 
561186.243819739785977 
561548.428516858024523 
561910.558450399548747 
562272.633629745920189 
562634.654064275091514 
562996.619763362687081 
563358.530736381653696 
563720.386992702959105 
564082.188541694660671 
564443.935392721905373 
564805.627555147628300 
565167.265038332552649 
565528.847851634141989 
565890.376004407647997 
566251.849506006343290 
566613.268365779542364 
566974.632593074580655 
567335.942197236814536 
567697.197187608690001 
568058.397573529276997 
568419.543364335899241 
568780.634569363784976 
569141.671197945717722 
569502.653259410406463 
569863.580763084697537 
570224.453718293458223 
570585.272134357714094 
570946.036020597093739 
571306.745386329130270 
571667.400240868097171 
572028.000593525823206 
572388.546453610761091 
572749.037830430199392 
573109.474733287817799 
573469.857171485316940 
573830.185154321836308 
574190.458691092557274 
574550.677791093010455 
574910.842463614535518 
575270.952717946143821 
575631.008563373470679 
575991.010009180754423 
576350.957064648624510 
576710.849739056080580 
577070.688041679910384 
577430.471981792245060 
577790.201568664866500 
578149.876811566296965 
578509.497719763079658 
578869.064302518148907 
579228.576569093391299 
579588.034528746386059 
579947.438190733315423 
580306.787564308033325 
580666.082658722298220 
581025.323483223444782 
581384.510047057992779 
581743.642359468154609 
582102.720429695677012 
582461.744266979163513 
582820.713880553841591 
583179.629279652843252 
583538.490473506855778 
583897.297471343772486 
584256.050282389041968 
584614.748915866599418 
584973.393380997702479 
585331.983687000698410 
585690.519843091140501 
586049.001858482020907 
586407.429742383770645 
586765.803504004492424 
587124.123152549378574 
587482.388697221875191 
587840.600147223914973 
588198.757511753472500 
588556.860800006659701 
588914.910021175397560 
589272.905184450326487 
589630.846299019292928 
589988.733374069212005 
590346.566418783040717 
590704.345442341174930 
591062.070453921798617 
591419.741462700651027 
591777.358477850910276 
592134.921508543542586 
592492.430563947418705 
592849.885653228033334 
593207.286785548669286 
593564.633970071095973 
593921.927215953590348 
594279.166532351402566 
594636.351928418385796 
594993.483413304784335 
595350.560996158979833 
595707.584686126443557 
596064.554492351133376 
596421.470423974213190 
596778.332490134635009 
597135.140699967509136 
597491.895062606898136 
597848.595587184769101 
598205.242282828316092 
598561.835158663685434 
598918.374223815160803 
599274.859487404115498 
599631.290958549128845 
599987.668646367033944 
600343.992559971986338 
600700.262708475231193 
601056.479100985918194 
601412.641746609588154 
601768.750654449569993 
602124.805833608959801 
602480.807293186895549 
602836.755042280186899 
603192.649089982616715 
603548.489445384941064 
603904.276117578032427 
604260.009115648455918 
604615.688448679866269 
604971.314125753124245 
605326.886155948042870 
605682.404548341524787 
606037.869312008842826 
606393.280456022825092 
606748.637989452923648 
607103.941921366029419 
607459.192260827403516 
607814.389016899047419 
608169.532198640983552 
608524.621815111022443 
608879.657875363831408 
609234.640388452331536 
609589.569363426882774 
609944.444809334585443 
610299.266735221026465 
610654.035150128416717 
611008.750063097337261 
611363.411483166390099 
611718.019419371383265 
612072.573880745097995 
612427.074876318569295 
612781.522415119223297 
613135.916506173438393 
613490.257158504682593 
613844.544381133979186 
614198.778183079673909 
614552.958573358017020 
614907.085560982930474 
615261.159154965542257 
615615.179364314768463 
615969.146198037080467 
616323.059665136388503 
616676.919774614856578 
617030.726535471854731 
617384.479956703842618 
617738.180047304951586 
618091.826816267799586 
618445.420272581977770 
618798.960425233817659 
619152.447283209301531 
619505.880855490220711 
619859.261151056271046 
620212.588178884703666 
620565.861947950907052 
620919.082467228174210 
621272.249745687120594 
621625.363792295218445 
621978.424616018193774 
622331.432225818862207 
622684.386630657943897 
623037.287839493248612 
623390.135861281189136 
623742.930704975151457 
624095.672379526658915 
624448.360893883742392 
624800.996256993035786 
625153.578477798611857 
625506.107565241865814 
625858.583528262679465 
626211.006375797674991 
626563.376116780564189 
626915.692760143894702 
627267.956314817303792 
627620.166789728449658 
627972.324193801963702 
628324.428535959683359 
628676.479825121583417 
629028.478070206008852 
629380.423280128510669 
629732.315463802195154 
630084.154630137607455 
630435.940788042498752 
630787.673946422408335 
631139.354114181245677 
631490.981300220126286 
631842.555513437953778 
632194.076762729557231 
632545.545056989649311 
632896.960405110032298 
633248.322815980063751 
633599.632298486656509 
633950.888861514744349 
634302.092513945302926 
634653.243264658143744 
635004.341122530633584 
635355.386096438742243 
635706.378195255296305 
636057.317427850561216 
636408.203803091775626 
636759.037329845130444 
637109.818016973673366 
637460.545873337658122 
637811.220907796407118 
638161.843129205750301 
638512.412546419189312 
638862.929168287781067 
639213.393003661534749 
639563.804061387083493 
639914.162350308266468 
640264.467879267409444 
640614.720657104160637 
640964.920692656072788 
641315.067994757555425 
641665.162572242086753 
642015.204433940700255 
642365.193588680354878 
642715.130045286496170 
643065.013812582357787 
643414.844899389310740 
643764.623314524767920 
644114.349066805676557 
644464.022165046306327 
644813.642618058482185 
645163.210434651235119 
645512.725623631151393 
645862.188193802721798 
646211.598153968341649 
646560.955512928543612 
646910.260279480367899 
647259.512462418875657 
647608.712070537498221 
647957.859112626174465 
648306.953597473679110 
648655.995533865992911 
649004.984930586884730 
649353.921796416980214 
649702.806140135624446 
650051.637970519950613 
650400.417296343948692 
650749.144126379513182 
651097.818469395744614 
651446.440334160579368 
651795.009729438112117 
652143.526663991389796 
652491.991146580898203 
652840.403185965260491 
653188.762790899723768 
653537.069970138836652 
653885.324732433655299 
654233.527086532558315 
654581.677041181363165 
654929.774605124141090 
655277.819787103449926 
655625.812595859635621 
655973.753040130017325 
656321.641128649353050 
656669.476870149839669 
657017.260273361927830 
657364.991347013856284 
657712.670099831535481 
658060.296540538198315 
658407.870677854982205 
658755.392520501278341 
659102.862077193334699 
659450.279356645303778 
659797.644367569009773 
660144.957118674763478 
660492.217618669499643 
660839.425876258173957 
661186.581900143413804 
661533.685699025983922 
661880.737281603971496 
662227.736656573601067 
662574.683832627721131 
662921.578818458714522 
663268.421622755122371 
663615.212254204438068 
663961.950721491477452 
664308.637033298029564 
664655.271198304137215 
665001.853225187747739 
665348.383122624130920 
665694.860899285762571 
666041.286563843605109 
666387.660124966758303 
666733.981591321527958 
667080.250971570843831 
667426.468274377053604 
667772.633508398896083 
668118.746682294295169 
668464.807804718730040 
668810.816884324187413 
669156.773929761140607 
669502.678949677385390 
669848.531952718389221 
670194.332947528222576 
670540.081942747696303 
670885.778947016573511 
671231.423968971124850 
671577.017017246223986 
671922.558100473019294 
672268.047227282077074 
672613.484406301751733 
672958.869646157370880 
673304.202955471700989 
673649.484342865529470 
673994.713816957315430 
674339.891386363422498 
674685.017059698118828 
675030.090845574042760 
675375.112752601271495 
675720.082789386389777 
676065.000964534585364 
676409.867286649066955 
676754.681764330132864 
677099.444406176451594 
677444.155220783548430 
677788.814216745202430 
678133.421402653330006 
678477.976787097170018 
678822.480378664098680 
679166.932185939396732 
679511.332217505085282 
679855.680481942370534 
680199.976987829315476 
680544.221743741072714 
680888.414758251979947 
681232.556039934046566 
681576.645597354741767 
681920.683439081185497 
682264.669573678867891 
682608.604009711416438 
682952.486755738500506 
683296.317820318276063 
683640.097212006454356 
683983.824939356185496 
684327.501010918174870 
684671.125435241730884 
685014.698220874299295 
685358.219376360881142 
685701.688910243567079 
686045.106831063167192 
686388.473147356882691 
686731.787867660284974 
687075.051000507315621 
687418.262554428889416 
687761.422537955106236 
688104.530959611758590 
688447.587827924173325 
688790.593151414650492 
689133.546938603045419 
689476.449198007350788 
689819.299938143347390 
690162.099167524487711 
690504.846894663060084 
690847.543128067511134 
691190.187876246054657 
691532.781147703179158 
691875.322950940695591 
692217.813294458785094 
692560.252186755416915 
692902.639636326581240 
693244.975651665939949 
693587.260241265292279 
693929.493413613759913 
694271.675177198369056 
694613.805540503002703 
694955.884512010728940 
695297.912100203568116 
695639.888313559116796 
695981.813160553458147 
696323.686649659764953 
696665.508789349580184 
697007.279588092351332 
697348.999054355430417 
697690.667196603957564 
698032.284023301326670 
698373.849542908021249 
698715.363763882778585 
699056.826694681541994 
699398.238343758974224 
699739.598719565896317 
700080.907830552547239 
700422.165685166954063 
700763.372291854000650 
701104.527659057523124 
701445.631795218330808 
701786.684708774904720 
702127.686408164678141 
702468.636901821009815 
702809.536198176094331 
703150.384305659797974 
703491.181232700822875 
703831.926987724727951 
704172.621579155093059 
704513.265015413402580 
704853.857304918463342 
705194.398456087568775 
705534.888477335800417 
705875.327377074980177 
706215.715163715765812 
706556.051845666253939 
706896.337431332911365 
707236.571929119294509 
707576.755347427446395 
707916.887694656965323 
708256.968979205237702 
708596.999209467903711 
708936.978393838158809 
709276.906540706520900 
709616.783658462343737 
709956.609755491721444 
710296.384840179234743 
710636.108920907368883 
710975.782006056280807 
711315.404104003333487 
711654.975223124842159 
711994.495371795026585 
712333.964558384730481 
712673.382791263400577 
713012.750078799319454 
713352.066429356578737 
713691.331851298571564 
714030.546352985780686 
714369.709942776360549 
714708.822629026020877 
715047.884420089074410 
715386.895324317505583 
715725.855350062483922 
716064.764505672152154 
716403.622799491276965 
716742.430239863693714 
717081.186835131025873 
717419.892593631404452 
717758.547523702727631 
718097.151633679517545 
718435.704931895597838 
718774.207426681299694 
719112.659126364509575 
719451.060039270902053 
719789.410173725686036 
720127.709538051160052 
720465.958140567876399 
720804.155989593244158 
721142.303093443275429 
721480.399460430839099 
721818.445098868105561 
722156.440017064451240 
722494.384223327040672 
722832.277725960826501 
723170.120533267618157 
723507.912653548992239 
723845.654095103149302 
724183.344866227707826 
724520.984975216793828 
724858.574430361972190 
725196.113239953527227 
725533.601412279531360 
725871.038955625379458 
726208.425878275535069 
726545.762188511784188 
726883.047894612886012 
727220.283004856319167 
727557.467527518281713 
727894.601470871944912 
728231.684843187918887 
728568.717652735766023 
728905.699907781789079 
729242.631616591359489 
729579.512787426589057 
729916.343428547494113 
730253.123548212344758 
730589.853154677548446 
730926.532256196951494 
731263.160861023701727 
731599.738977407338098 
731936.266613595886156 
732272.743777834461071 
732609.170478367246687 
732945.546723435516469 
733281.872521278797649 
733618.147880134405568 
733954.372808236745186 
734290.547313819755800 
734626.671405113535002 
734962.745090346899815 
735298.768377747386694 
735634.741275539854541 
735970.663791947416030 
736306.535935190389864 
736642.357713487115689 
736978.129135053488426 
737313.850208104122430 
737649.520940850372426 
737985.141341502545401 
738320.711418268852867 
738656.231179354479536 
738991.700632962863892 
739327.119787296047434 
739662.488650554092601 
739997.807230933569372 
740333.075536630931310 
740668.293575838790275 
741003.461356748477556 
741338.578887549578212 
741673.646176428883336 
742008.663231570972130 
742343.630061159376055 
742678.546673374949023 
743013.413076396216638 
743348.229278399958275 
743682.995287560857832 
744017.711112051387317 
744352.376760041806847 
744686.992239700863138 
745021.557559194276109 
745356.072726686252281 
745690.537750338902697 
746024.952638311893679 
746359.317398762796074 
746693.632039848016575 
747027.896569721517153 
747362.110996535513550 
747696.275328440009616 
748030.389573581283912 
748364.453740104916506 
748698.467836154857650 
749032.431869872263633 
749366.345849397126585 
749700.209782866761088 
750034.023678416269831 
750367.787544178310782 
750701.501388283795677 
751035.165218862588517 
751368.779044041410089 
751702.342871945118532 
752035.856710696709342 
752369.320568416500464 
752702.734453223412856 
753036.098373233689927 
753369.412336561828852 
753702.676351321162656 
754035.890425622346811 
754369.054567573824897 
754702.168785282410681 
755035.233086852123961 
755368.247480384190567 
755701.211973979254253 
756034.126575735746883 
756366.991293749189936 
756699.806136114872061 
757032.571110924938694 
757365.286226268974133 
757697.951490235049278 
758030.566910909605213 
758363.132496376172639 
758695.648254715953954 
759028.114194008987397 
759360.530322332633659 
759692.896647762972862 
760025.213178373989649 
760357.479922237340361 
760689.696887421887368 
761021.864081995678134 
761353.981514024431817 
761686.049191572004929 
762018.067122699343599 
762350.035315465764143 
762681.953777929302305 
763013.822518144734204 
763345.641544165438972 
763677.410864043398760 
764009.130485828383826 
764340.800417567370459 
764672.420667305123061 
765003.991243084543385 
765335.512152946204878 
765666.983404929051176 
765998.405007070978172 
766329.776967407437041 
766661.099293971317820 
766992.371994794229977 
767323.595077904290520 
767654.768551328685135 
767985.892423092620447 
768316.966701218974777 
768647.991393728880212 
768978.966508640558459 
769309.892053971299902 
769640.768037735833786 
769971.594467947725207 
770302.371352617163211 
770633.098699753289111 
770963.776517363497987 
771294.404813452041708 
771624.983596021076664 
771955.512873071129434 
772285.992652602726594 
772616.422942612669431 
772946.803751094266772 
773277.135086041293107 
773607.416955443099141 
773937.649367289384827 
774267.832329566706903 
774597.965850259992294 
774928.049937351490371 
775258.084598822868429 
775588.069842652650550 
775918.005676817381755 
776247.892109291278757 
776577.729148047044873 
776907.516801055404358 
777237.255076285218820 
777566.943981703836471 
777896.583525275927968 
778226.173714964068495 
778555.714558729319833 
778885.206064530881122 
779214.648240325273946 
779544.041094067390077 
779873.384633709210902 
780202.678867200971581 
780531.923802492558025 
780861.119447530945763 
781190.265810260432772 
781519.362898623920046 
781848.410720562562346 
782177.409284014487639 
782506.358596917474642 
782835.258667206042446 
783164.109502812381834 
783492.911111667286605 
783821.663501700502820 
784150.366680839331821 
784479.020657008863054 
784807.625438132206909 
785136.181032129679807 
785464.687446919851936 
785793.144690419663675 
786121.552770543610677 
786449.911695206305012 
786778.221472318284214 
787106.482109788805246 
787434.693615525146015 
787762.855997432721779 
788090.969263414503075 
788419.033421372063458 
788747.048479204997420 
789075.014444809756242 
789402.931326081976295 
789730.799130914732814 
790058.617867198889144 
790386.387542824959382 
790714.108165679965168 
791041.779743649763986 
791369.402284617768601 
791696.975796465878375 
792024.500287073547952 
792351.975764318020083 
792679.402236074907705 
793006.779710218892433 
793334.108194621745497 
793661.387697152676992 
793988.618225679383613 
794315.799788068397902 
794642.932392182876356 
794970.016045885626227 
795297.050757035962306 
795624.036533491918817 
795950.973383110133000 
796277.861313744331710 
796604.700333247194067 
796931.490449468605220 
797258.231670257169753 
797584.924003458698280 
797911.567456917953677 
798238.162038477370515 
798564.707755976589397 
798891.204617254785262 
799217.652630147873424 
799544.051802491536364 
799870.402142119128257 
800196.703656860627234 
800522.956354545662180 
800849.160243000718765 
801175.315330051118508 
801501.421623519156128 
801827.479131225729361 
802153.487860989407636 
802479.447820627130568 
802805.359017954557203 
803131.221460785367526 
803457.035156931146048 
803782.800114201148972 
804108.516340403934009 
804434.183843344217166 
804759.802630825666711 
805085.372710649156943 
805410.894090615212917 
805736.366778521332890 
806061.790782163850963 
806387.166109336656518 
806712.492767831543460 
807037.770765438792296 
807363.000109946820885 
807688.180809142300859 
808013.312870809459127 
808338.396302729961462 
808663.431112683960237 
808988.417308450210840 
809313.354897804791108 
809638.243888522381894 
809963.084288376616314 
810287.876105137984268 
810612.619346576044336 
810937.314020457910374 
811261.960134548950009 
811586.557696611504070 
811911.106714406749234 
812235.607195694232360 
812560.059148231754079 
812884.462579774088226 
813208.817498075426556 
813533.123910887981765 
813857.381825961056165 
814181.591251042555086 
814505.752193878055550 
814829.864662211970426 
815153.928663785685785 
815477.944206339307129 
815801.911297611892223 
816125.829945340519771 
816449.700157258776017 
816773.521941098850220 
817097.295304592465982 
817421.020255467621610 
817744.696801452082582 
818068.324950269889086 
818391.904709644732065 
818715.436087297042832 
819038.919090946204960 
819362.353728309855796 
819685.740007103537209 
820009.077935040812008 
820332.367519832798280 
820655.608769189100713 
820978.801690818392672 
821301.946292426320724 
821625.042581716901623 
821948.090566392173059 
822271.090254152310081 
822594.041652695625089 
822916.944769719266333 
823239.799612918053754 
823562.606189983547665 
823885.364508606726304 
824208.074576477403753 
824530.736401282134466 
824853.349990706075914 
825175.915352432406507 
825498.432494142791256 
825820.901423516799696 
826143.322148231323808 
826465.694675962789916 
826788.019014384830371 
827110.295171168749221 
827432.523153985734098 
827754.702970504295081 
828076.834628389799036 
828398.918135306681506 
828720.953498917398974 
829042.940726882661693 
829364.879826861433685 
829686.770806511049159 
830008.613673486048356 
830330.408435438876040 
830652.155100022209808 
830973.853674884769134 
831295.504167674342170 
831617.106586036388762 
831938.660937615786679 
832260.167230053571984 
832581.625470989150926 
832903.035668060416356 
833224.397828904911876 
833545.711961156688631 
833866.978072448400781 
834188.196170409675688 
834509.366262670024298 
834830.488356856396422 
835151.562460594112054 
835472.588581506395712 
835793.566727214376442 
836114.496905337320641 
836435.379123492632061 
836756.213389296433888 
837076.999710362870246 
837397.738094304339029 
837718.428548731026240 
838039.071081250905991 
838359.665699470555410 
838680.212410994805396 
839000.711223425809294 
839321.162144364672713 
839641.565181410172954 
839961.920342158759013 
840282.227634206414223 
840602.487065146444365 
840922.698642570874654 
841242.862374070566148 
841562.978267233236693 
841883.046329644508660 
842203.066568888374604 
842523.038992546964437 
842842.963608201360330 
843162.840423429384828 
843482.669445808161981 
843802.450682912371121 
844122.184142315643840 
844441.869831589283422 
844761.507758302381262 
845081.097930022631772 
845400.640354315284640 
845720.135038744891062 
846039.581990873673931 
846358.981218262109905 
846678.332728468230926 
846997.636529048788361 
847316.892627558787353 
847636.101031550555490 
847955.261748575954698 
848274.374786183587275 
848593.440151920542121 
848912.457853332743980 
849231.427897963556461 
849550.350293354829773 
849869.225047046551481 
850188.052166576846503 
850506.831659482093528 
850825.563533297157846 
851144.247795554692857 
851462.884453785140067 
851781.473515518242493 
852100.014988280949183 
852418.508879597997293 
852736.955196992726997 
853055.353947986965068 
853373.705140101257712 
853692.008780854055658 
854010.264877761015669 
854328.473438335931860 
854646.634470092132688 
854964.747980540734716 
855282.813977190642618 
855600.832467549014837 
855918.803459120215848 
856236.726959408260882 
856554.602975915069692 
856872.431516140699387 
857190.212587583577260 
857507.946197739220224 
857825.632354102097452 
858143.271064165397547 
858460.862335419515148 
858778.406175352050923 
859095.902591451071203 
859413.351591202081181 
859730.753182088606991 
860048.107371592428535 
860365.414167193346657 
860682.673576369532384 
860999.885606596712023 
861317.050265350262634 
861634.167560102418065 
861951.237498323898762 
862268.260087484144606 
862585.235335049917921 
862902.163248487166129 
863219.043835259042680 
863535.877102827187628 
863852.663058652309701 
864169.401710192789324 
864486.093064904678613 
864802.737130243331194 
865119.333913660841063 
865435.883422608021647 
865752.385664533940144 
866068.840646886383183 
866385.248377111391164 
866701.608862651162781 
867017.922110949410126 
867334.188129446352832 
867650.406925580231473 
867966.578506787423976 
868282.702880503144115 
868598.780054159928113 
868914.810035188798793 
869230.792831019614823 
869546.728449080954306 
869862.616896797087975 
870178.458181593101472 
870494.252310891053639 
870809.999292112071998 
871125.699132674955763 
871441.351839996059425 
871756.957421489991248 
872072.515884570893832 
872388.027236650232226 
872703.491485137841664 
873018.908637441112660 
873334.278700966737233 
873649.601683119311929 
873964.877591300988570 
874280.106432912521996 
874595.288215353619307 
874910.422946021310054 
875225.510632311226800 
875540.551281616906635 
875855.544901330838911 
876170.491498843068257 
876485.391081542125903 
876800.243656814331189 
877115.049232045537792 
877429.807814618456177 
877744.519411914399825 
878059.184031311888248 
878373.801680190255865 
878688.372365924646147 
879002.896095888921991 
879317.372877456014976 
879631.802717996528372 
879946.185624880250543 
880260.521605473244563 
880574.810667141107842 
880889.052817247109488 
881203.248063153820112 
881517.396412221132778 
881831.497871807543561 
882145.552449269569479 
882459.560151962330565 
882773.520987238734961 
883087.434962450759485 
883401.302084947354160 
883715.122362076886930 
884028.895801185048185 
884342.622409616014920 
884656.302194711519405 
884969.935163812362589 
885283.521324257599190 
885597.060683383489959 
885910.553248526644893 
886223.999027020996436 
886537.398026199196465 
886850.750253390520811 
887164.055715922964737 
887477.314421123592183 
887790.526376316905953 
888103.691588825779036 
888416.810065971454605 
888729.881815074244514 
889042.906843451550230 
889355.885158419958316 
889668.816767293959856 
889981.701677386648953 
890294.539896008791402 
890607.331430469290353 
890920.076288075069897 
891232.774476132588461 
891545.426001946092583 
891858.030872818315402 
892170.589096049312502 
892483.100678936694749 
892795.565628778073005 
893107.983952869079076 
893420.355658503016457 
893732.680752971326001 
894044.959243564400822 
894357.191137569956481 
894669.376442275010049 
894981.515164963668212 
895293.607312919339165 
895605.652893423335627 
895917.651913754874840 
896229.604381192242727 
896541.510303011396900 
896853.369686486548744 
897165.182538889814168 
897476.948867492843419 
897788.668679564958438 
898100.341982372687198 
898411.968783183023334 
898723.549089259235188 
899035.082907863077708 
899346.570246255490929 
899658.011111695435829 
899969.405511439545080 
900280.753452744218521 
900592.054942862712778 
900903.309989047003910 
901214.518598546739668 
901525.680778610520065 
901836.796536485780962 
902147.865879416698590 
902458.888814646052197 
902769.865349416038953 
903080.795490966411307 
903391.679246535291895 
903702.516623359057121 
904013.307628672686405 
904324.052269709063694 
904634.750553698278964 
904945.402487870305777 
905256.008079453138635 
905566.567335673375055 
905877.080263754352927 
906187.546870919410139 
906497.967164389323443 
906808.341151383705437 
907118.668839119956829 
907428.950234814081341 
907739.185345680336468 
908049.374178930418566 
908359.516741774394177 
908669.613041421747766 
908979.663085079635493 
909289.666879953583702 
909599.624433248071000 
909909.535752164432779 
910219.400843903422356 
910529.219715662766248 
910838.992374639958143 
911148.718828029930592 
911458.399083028081805 
911768.033146825502627 
912077.621026613283902 
912387.162729578674771 
912696.658262908342294 
913006.107633787323721 
913315.510849399259314 
913624.867916925461031 
913934.178843545960262 
914243.443636439391412 
914552.662302781245671 
914861.834849747014232 
915170.961284509859979 
915480.041614241781645 
915789.075846112682484 
916098.063987290137447 
916407.006044940440916 
916715.902026228723116 
917024.751938318018802 
917333.555788369383663 
917642.313583542359993 
917951.025330995325930 
918259.691037884098478 
918568.310711363330483 
918876.884358585695736 
919185.411986702121794 
919493.893602862604894 
919802.329214214812964 
920110.718827905366197 
920419.062451077974401 
920727.360090875183232 
921035.611754438723437 
921343.817448908230290 
921651.977181421243586 
921960.090959113091230 
922268.158789118751884 
922576.180678569944575 
922884.156634597922675 
923192.086664332193322 
923499.970774900284596 
923807.808973427978344 
924115.601267040125094 
924423.347662859130651 
924731.048168006469496 
925038.702789600472897 
925346.311534758657217 
925653.874410597141832 
925961.391424229834229 
926268.862582769128494 
926576.287893326021731 
926883.667363009299152 
927191.000998926931061 
927498.288808184093796 
927805.530797884566709 
928112.726975132129155 
928419.877347027999349 
928726.981920671183616 
929034.040703158592805 
929341.053701585740782 
929648.020923046162352 
929954.942374632810242 
930261.818063436890952 
930568.647996547748335 
930875.432181052397937 
931182.170624035410583 
931488.863332581240684 
931795.510313773411326 
932102.111574692069553 
932408.667122417478822 
932715.176964026526548 
933021.641106595168822 
933328.059557197149843 
933634.432322904700413 
933940.759410789236426 
934247.040827919845469 
934553.276581364800222 
934859.466678189462982 
935165.611125457449816 
935471.709930232726038 
935777.763099575415254 
936083.770640544826165 
936389.732560197240673 
936695.648865588707849 
937001.519563774229027 
937307.344661805895157 
937613.124166734283790 
937918.858085609856062 
938224.546425480279140 
938530.189193391706795 
938835.786396388313733 
939141.338041513459757 
939446.844135807477869 
939752.304686310002580 
940057.719700057990849 
940363.089184087701142 
940668.413145432830788 
940973.691591126727872 
941278.924528201809153 
941584.111963687581010 
941889.253904610872269 
942194.350357998162508 
942499.401330874185078 
942804.406830262742005 
943109.366863184026442 
943414.281436657882296 
943719.150557702756487 
944023.974233334534802 
944328.752470568404533 
944633.485276417457499 
944938.172657892922871 
945242.814622004865669 
945547.411175761721097 
945851.962326170061715 
946156.468080234131776 
946460.928444958291948 
946765.343427344225347 
947069.713034391170368 
947374.037273097434081 
947678.316150459810160 
947982.549673473695293 
948286.737849131925032 
948590.880684427684173 
948894.978186351130717 
949199.030361891258508 
949503.037218034500256 
949806.998761766357347 
950110.915000069770031 
950414.785939926863648 
950718.611588319181465 
951022.391952224657871 
951326.127038621343672 
951629.816854484728537 
951933.461406788323075 
952237.060702504939400 
952540.614748604712076 
952844.123552056727931 
953147.587119828676805 
953451.005458886851557 
953754.378576195100322 
954057.706478716107085 
954360.989173410926014 
954664.226667238515802 
954967.418967156787403 
955270.566080122836865 
955573.668013091199100 
955876.724773013847880 
956179.736366842640564 
956482.702801526756957 
956785.624084013863467 
957088.500221251160838 
957391.331220182939433 
957694.117087752791122 
957996.857830902445130 
958299.553456572000869 
958602.203971699462272 
958904.809383221552707 
959207.369698073132895 
959509.884923188132234 
959812.355065498966724 
960114.780131935956888 
960417.160129428491928 
960719.495064903399907 
961021.784945285296999 
961324.029777498682961 
961626.229568466893397 
961928.384325109771453 
962230.494054345646873 
962532.558763092150912 
962834.578458266099915 
963136.553146780934185 
963438.482835549046285 
963740.367531482013874 
964042.207241489551961 
964344.001972479512915 
964645.751731357886456 
964947.456525029032491 
965249.116360396728851 
965550.731244362657890 
965852.301183826057240 
966153.826185685582459 
966455.306256838724948 
966756.741404179367237 
967058.131634600576945 
967359.476954994839616 
967660.777372253127396 
967962.032893264084123 
968263.243524914607406 
968564.409274089848623 
968865.530147674260661 
969166.606152550317347 
969467.637295597931370 
969768.623583697015420 
970069.565023724804632 
970370.461622557602823 
970671.313387070200406 
970972.120324135175906 
971272.882440622895956 
971573.599743403028697 
971874.272239343728870 
972174.899935311637819 
972475.482838172116317 
972776.020954788313247 
973076.514292021747679 
973376.962856732890941 
973677.366655780118890 
973977.725696020643227 
974278.039984309813008 
974578.309527501347475 
974878.534332447219640 
975178.714405998238362 
975478.849755003349856 
975778.940386310801841 
976078.986306765815243 
976378.987523212912492 
976678.944042495102622 
976978.855871453066356 
977278.723016926436685 
977578.545485753100365 
977878.323284769081511 
978178.056420809472911 
978477.744900708552450 
978777.388731297804043 
979076.987919407896698 
979376.542471867403947 
979676.052395502920263 
979975.517697139875963 
980274.938383601722308 
980574.314461711095646 
980873.645938289002515 
981172.932820153539069 
981472.175114123034291 
981771.372827013954520 
982070.525965640437789 
982369.634536814293824 
982668.698547347099520 
982967.718004049849696 
983565.623283196240664 
984163.350428697187454 
984760.899494976038113 
985358.270536429015920 
985955.463607426616363 
986552.478762320242822 
987149.316055427887477 
987745.975541046820581 
988342.457273451029323 
988938.761306889005937 
989534.887695580837317 
990130.836493725189939 
990726.607755493489094 
991322.201535033877008 
991917.617886468535289 
992512.856863897526637 
993107.918521393905394 
993702.802913006744348 
994297.510092759155668 
994892.040114653063938 
995486.393032661057077 
996080.568900734535418 
996674.567772799287923 
997268.389702754677273 
997862.034744476201013 
998455.502951815840788 
999048.794378599966876 
999641.909078631433658 
1000234.847105688764714 
1000827.608513526618481 
1001420.193355873227119 
1002012.601686431444250 
1002604.833558881189674 
1003196.889026877935976 
1003788.768144052475691 
1004380.470964011736214 
1004971.997540337615646 
1005563.347926587448455 
1006154.522176293539815 
1006745.520342966075987 
1007336.342480089049786 
1007926.988641121890396 
1008517.458879498764873 
1009107.753248632070608 
1009697.871801911154762 
1010287.814592699171044 
1010877.581674336688593 
1011467.173100135871209 
1012056.588923386763781 
1012645.829197356128134 
1013234.893975284066983 
1013823.783310388098471 
1014412.497255865600891 
1015001.035864885314368 
1015589.399190592579544 
1016177.587286105961539 
1016765.600204524118453 
1017353.437998922425322 
1017941.100722349248827 
1018528.588427829323336 
1019115.901168364565820 
1019703.038996931281872 
1020290.001966483891010 
1020876.790129952132702 
1021463.403540240600705 
1022049.842250228277408 
1022636.106312774820253 
1023222.195780715788715 
1023808.110706859268248 
1024393.851143990061246 
1024979.417144870967604 
1025564.808762239874341 
1026150.026048810454085 
1026735.069057272397913 
1027319.937840296304785 
1027904.632450522272848 
1028489.152940572123043 
1029073.499363040900789 
1029657.671770498738624 
1030241.670215496909805 
1030825.494750558631495 
1031409.145428186049685 
1031992.622300853719935 
1032575.925421013962477 
1033159.054841099306941 
1033742.010613517952152 
1034324.792790651437826 
1034907.401424860232510 
1035489.836568481172435 
1036072.098273823154159 
1036654.186593175167218 
1037236.101578803965822 
1037817.843282951042056 
1038399.411757834255695 
1038980.807055649231188 
1039562.029228568077087 
1040143.078328737989068 
1040723.954408285208046 
1041304.657519311527722 
1041885.187713892199099 
1042465.545044080587104 
1043045.729561910615303 
1043625.741319391876459 
1044205.580368509516120 
1044785.246761222137138 
1045364.740549468901008 
1045944.061785163357854 
1046523.210520198568702 
1047102.186806442914531 
1047680.990695742540993 
1048259.622239916701801 
1048838.081490766024217 
1049416.368500064592808 
1049994.483319566352293 
1050572.426001002779230 
1051150.196596080902964 
1051727.795156481675804 
1052305.221733865328133 
1052882.476379870669916 
1053459.559146109968424 
1054036.470084173837677 
1054613.209245631238446 
1055189.776682027382776 
1055766.172444885596633 
1056342.396585705457255 
1056918.449155963957310 
1057494.330207111081108 
1058070.039790578419343 
1058645.577957773348317 
1059220.944760081358254 
1059796.140248862095177 
1060371.164475457975641 
1060946.017491184640676 
1061520.699347335379571 
1062095.210095180664212 
1062669.549785965820774 
1063243.718470917781815 
1063817.716201238334179 
1064391.543028106680140 
1064965.199002679903060 
1065538.684176092501730 
1066111.998599455226213 
1066685.142323857406154 
1067258.115400366019458 
1067830.917880023363978 
1068403.549813849618658 
1068976.011252841446549 
1069548.302247976651415 
1070120.422850205097347 
1070692.373110460583121 
1071264.153079649433494 
1071835.762808659812436 
1072407.202348352177069 
1072978.471749566961080 
1073549.571063121547922 
1074120.500339812133461 
1074691.259630413260311 
1075261.848985675023869 
1075832.268456321908161 
1076402.518093061866239 
1076972.597946576075628 
1077542.508067525690421 
1078112.248506551142782 
1078681.819314266787842 
1079251.220541268121451 
1079820.452238124329597 
1080389.514455386437476 
1080958.407243581255898 
1081527.130653212079778 
1082095.684734763344750 
1082664.069538693409413 
1083232.285115439444780 
1083800.331515417434275 
1084368.208789021708071 
1084935.916986625175923 
1085503.456158575834706 
1086070.826355199096724 
1086638.027626799419522 
1087205.060023657977581 
1087771.923596037318930 
1088338.618394175078720 
1088905.144468290265650 
1089471.501868576044217 
1090037.690645204158500 
1090603.710848325630650 
1091169.562528067268431 
1091735.245734536787495 
1092300.760517815826461 
1092866.106927969958633 
1093431.285015037981793 
1093996.294829035876319 
1094561.136419961461797 
1095125.809837790438905 
1095690.315132475458086 
1096254.652353948680684 
1096818.821552118286490 
1097382.822776870569214 
1097946.656078070169315 
1098510.321505558909848 
1099073.819109160685912 
1099637.148938674479723 
1100200.311043878551573 
1100763.305474529275671 
1101326.132280361372977 
1101888.791511083720252 
1102451.283216390525922 
1103013.607445952715352 
1103575.764249414671212 
1104137.753676405875012 
1104699.575776530196890 
1105261.230599370086566 
1105822.718194484710693 
1106384.038611413678154 
1106945.191899673547596 
1107506.178108762949705 
1108066.997288157697767 
1108627.649487307528034 
1109188.134755642618984 
1109748.453142576152459 
1110308.604697496630251 
1110868.589469768572599 
1111428.407508739037439 
1111988.058863732963800 
1112547.543584052240476 
1113106.861718975938857 
1113666.013317766366526 
1114224.998429660219699 
1114783.817103873938322 
1115342.469389603473246 
1115900.955336020793766 
1116459.274992282036692 
1117017.428407517028973 
1117575.415630836971104 
1118133.236711329082027 
1118690.891698062885553 
1119248.380640083691105 
1119805.703586414456367 
1120362.860586059978232 
1120919.851688005728647 
1121476.676941210636869 
1122033.336394612444565 
1122589.830097132362425 
1123146.158097665989771 
1123702.320445090765134 
1124258.317188264336437 
1124814.148376019438729 
1125369.814057165756822 
1125925.314280497143045 
1126480.649094784632325 
1127035.818548778072000 
1127590.822691205888987 
1128145.661570774856955 
1128700.335236174520105 
1129254.843736067414284 
1129809.187119098380208 
1130363.365433890838176 
1130917.378729047952220 
1131471.227053151233122 
1132024.910454761469737 
1132578.428982417797670 
1133131.782684637233615 
1133684.971609917934984 
1134237.995806738268584 
1134790.855323553783819 
1135343.550208800006658 
1135896.080510888714343 
1136448.446278213988990 
1137000.647559150587767 
1137552.684402050217614 
1138104.556855242000893 
1138656.264967036433518 
1139207.808785723056644 
1139759.188359571155161 
1140310.403736826963723 
1140861.454965717857704 
1141412.342094450490549 
1141963.065171211725101 
1142513.624244166305289 
1143064.019361456157640 
1143614.250571206677705 
1144164.317921519512311 
1144714.221460480010137 
1145263.961236148839816 
1145813.537296565948054 
1146362.949689750792459 
1146912.198463702807203 
1147461.283666403032839 
1148010.205345812253654 
1148558.963549867039546 
1149107.558326483936980 
1149655.989723559468985 
1150204.257788970367983 
1150752.362570576136932 
1151300.304116211133078 
1151848.082473688293248 
1152395.697690804488957 
1152943.149815333541483 
1153490.438895029947162 
1154037.564977627014741 
1154584.528110838262364 
1155131.328342355787754 
1155677.965719849569723 
1156224.440290974220261 
1156770.752103361766785 
1157316.901204623049125 
1157862.887642347486690 
1158408.711464106803760 
1158954.372717454098165 
1159499.871449918486178 
1160045.207709008362144 
1160590.381542214890942 
1161135.392997004091740 
1161680.242120828246698 
1162224.928961117286235 
1162769.453565275762230 
1163313.815980694955215 
1163858.016254743793979 
1164402.054434769786894 
1164945.930568102747202 
1165489.644702049903572 
1166033.196883898461238 
1166576.587160915601999 
1167119.815580351278186 
1167662.882189429830760 
1168205.787035360001028 
1168748.530165331205353 
1169291.111626511439681 
1169833.531466046115384 
1170375.789731064578518 
1170917.886468673823401 
1171459.821725961752236 
1172001.595549995778129 
1172543.207987822825089 
1173084.659086471656337 
1173625.948892949149013 
1174167.077454243088141 
1174708.044817320303991 
1175248.851029128767550 
1175789.496136598521844 
1176329.980186635628343 
1176870.303226131014526 
1177410.465301952324808 
1177950.466460949042812 
1178490.306749949231744 
1179029.986215762328357 
1179569.504905178677291 
1180108.862864967202768 
1180648.060141877504066 
1181187.096782638225704 
1181725.972833961714059 
1182264.688342538196594 
1182803.243355039507151 
1183341.637918116524816 
1183879.872078400338069 
1184417.945882501080632 
1184955.859377011656761 
1185493.612608506111428 
1186031.205623536603525 
1186568.638468637829646 
1187105.911190322134644 
1187643.023835084866732 
1188179.976449399022385 
1188716.769079721067101 
1189253.401772485347465 
1189789.874574108514935 
1190326.187530986499041 
1190862.340689496370032 
1191398.334095994709060 
1191934.167796820634976 
1192469.841838292777538 
1193005.356266711372882 
1193540.711128353839740 
1194075.906469481298700 
1194610.942336334614083 
1195145.818775133229792 
1195680.535832080757245 
1196215.093553358456120 
1196749.491985128959641 
1197283.731173534179106 
1197817.811164699727669 
1198351.732004730030894 
1198885.493739714613184 
1199419.096415718318895 
1199952.540078784339130 
1200485.824774944689125 
1201018.950550207402557 
1201551.917450560489669 
1202084.725521975895390 
1202617.374810402980074 
1203149.865361774340272 
1203682.197222001850605 
1204214.370436977827922 
1204746.385052574798465 
1205278.241114651784301 
1205809.938669042661786 
1206341.477761561982334 
1206872.858438007300720 
1207404.080744156381115 
1207935.144725769991055 
1208466.050428587244824 
1208996.797898330260068 
1209527.387180699268356 
1210057.818321376340464 
1210588.091366025153548 
1211118.206360292853788 
1211648.163349802372977 
1212177.962380161276087 
1212707.603496958268806 
1213237.086745759937912 
1213766.412172118434682 
1214295.579821563791484 
1214824.589739609276876 
1215353.441971745342016 
1215882.136563445907086 
1216410.673560167429969 
1216939.053007345413789 
1217467.274950395803899 
1217995.339434717781842 
1218523.246505688643083 
1219050.996208667987958 
1219578.588589000282809 
1220106.023692010203376 
1220633.301563000306487 
1221160.422247253125533 
1221687.385790037922561 
1222214.192236600210890 
1222740.841632171534002 
1223267.334021961083636 
1223793.669451160123572 
1224319.847964941058308 
1224845.869608458364382 
1225371.734426844865084 
1225897.442465218715370 
1226422.994037947850302 
1226948.429386272560805 
1227473.800148812588304 
1227999.131141209742054 
1228524.434318278683349 
1229049.715440537780523 
1229574.977284355554730 
1230100.221188446972519 
1230625.447798926383257 
1231150.657428242266178 
1231675.850228101247922 
1232201.026272772578523 
1232726.185599222080782 
1233251.328226449433714 
1233776.454164794413373 
1234301.563420427031815 
1234826.655997507739812 
1235351.731899227946997 
1235876.791128310840577 
1236401.833687255624682 
1236926.859578453702852 
1237451.868804244790226 
1237976.861366940662265 
1238501.837268841685727 
1239026.796512240543962 
1239551.739099427359179 
1240076.665032692020759 
1240601.574314320925623 
1241126.466946600005031 
1241651.342931815888733 
1242176.202272254740819 
1242701.044970200397074 
1243225.871027934830636 
1243750.680447742575780 
1244275.473231905372813 
1244800.249382704962045 
1245325.008902423549443 
1245849.751793343108147 
1246374.478057743282989 
1246899.187697904184461 
1247423.880716104758903 
1247948.557114626280963 
1248473.216895746765658 
1248997.860061743762344 
1249522.486614893190563 
1250047.096557470737025 
1250571.689891753485426 
1251096.266620017820969 
1251620.826744539663196 
1252145.370267595164478 
1252669.897191457450390 
1253194.407518397318199 
1253718.901250687893480 
1254243.378390601836145 
1254767.838940411107615 
1255292.282902386970818 
1255816.710278801154345 
1256341.121071923524141 
1256865.515284021617845 
1257389.892917365999892 
1257914.253974226070568 
1258438.598456870764494 
1258962.926367565058172 
1259487.237708577187732 
1260011.532482173992321 
1260535.810690620914102 
1261060.072336182231084 
1261584.317421123385429 
1262108.545947708887979 
1262632.757918202085420 
1263156.953334867488593 
1263681.132199967512861 
1264205.294515763642266 
1264729.440284517128021 
1265253.569508487824351 
1265777.682189936516806 
1266301.778331123059615 
1266825.857934308703989 
1267349.921001751674339 
1267873.967535708798096 
1268397.997538439696655 
1268922.011012201197445 
1269446.007959248498082 
1269969.988381836796179 
1270493.952282223617658 
1271017.899662665091455 
1271541.830525412922725 
1272065.744872721610591 
1272589.642706844955683 
1273113.524030037457123 
1273637.388844550587237 
1274161.237152635585517 
1274685.068956543458626 
1275208.884258526843041 
1275732.683060834649950 
1276256.465365716023371 
1276780.231175420340151 
1277303.980492197442800 
1277827.713318296009675 
1278351.429655962856486 
1278875.129507444798946 
1279398.812874986324459 
1279922.479760833783075 
1280446.130167232593521 
1280969.764096428640187 
1281493.381550667574629 
1282016.982532192487270 
1282540.567043243907392 
1283064.135086065391079 
1283587.686662899795920 
1284111.221775989048183 
1284634.740427573211491 
1285158.242619896074757 
1285681.728355195606127 
1286205.197635710239410 
1286728.650463680969551 
1287252.086841346230358 
1287775.506770941428840 
1288298.910254704533145 
1288822.297294872114435 
1289345.667893682373688 
1289869.022053371882066 
1290392.359776172786951 
1290915.681064319564030 
1291438.985920048085973 
1291962.274345592362806 
1292485.546343187103048 
1293008.801915063755587 
1293532.041063452139497 
1294055.263790584402159 
1294578.470098691992462 
1295101.659990003798157 
1295624.833466753130779 
1296147.990531169110909 
1296671.131185479229316 
1297194.255431910511106 
1297717.363272691611201 
1298240.454710051650181 
1298763.529746215790510 
1299286.588383408728987 
1299809.630623858422041 
1300332.656469791196287 
1300855.665923431515694 
1301378.658987001283094 
1301901.635662724496797 
1302424.595952824689448 
1302947.539859523531049 
1303470.467385044088587 
1303993.378531608032063 
1304516.273301435867324 
1305039.151696747634560 
1305562.013719761511311 
1306084.859372699400410 
1306607.688657780177891 
1307130.501577223185450 
1307653.298133242409676 
1308176.078328057890758 
1308698.842163886874914 
1309221.589642944978550 
1309744.320767446653917 
1310267.035539606818929 
1310789.733961640624329 
1311312.416035762522370 
1311835.081764185102656 
1312357.731149123050272 
1312880.364192788256332 
1313402.980897392611951 
1313925.581265148241073 
1314448.165298264939338 
1314970.732998954830691 
1315493.284369425149634 
1316015.819411885226145 
1316538.338128544157371 
1317060.840521612903103 
1317583.326593301724643 
1318105.796345814131200 
1318628.249781356425956 
1319150.686902133980766 
1319673.107710355194286 
1320195.512208225671202 
1320717.900397951016203 
1321240.272281733108684 
1321762.627861774526536 
1322284.967140278778970 
1322807.290119446814060 
1323329.596801483305171 
1323851.887188590364531 
1324374.161282968241721 
1324896.419086816953495 
1325418.660602335119620 
1325940.885831722756848 
1326463.094777180114761 
1326985.287440906744450 
1327507.463825099635869 
1328029.623931956244633 
1328551.767763673327863 
1329073.895322446245700 
1329596.006610472220927 
1330118.101629947079346 
1330640.180383064551279 
1331162.242872020462528 
1331684.289099005982280 
1332206.319066214840859 
1332728.332775840302929 
1333250.330230076098815 
1333772.311431110836565 
1334294.276381136616692 
1334816.225082345539704 
1335338.157536928541958 
1335860.073747072601691 
1336381.973714967258275 
1336903.857442802051082 
1337425.724932763958350 
1337947.576187041820958 
1338469.411207822151482 
1338991.229997291928157 
1339513.032557638594881 
1340034.818891046568751 
1340556.588999700266868 
1341078.342885783175007 
1341600.080551478313282 
1342121.801998973125592 
1342643.507230448536575 
1343165.196248088730499 
1343686.869054075563326 
1344208.525650588329881 
1344730.166039809351787 
1345251.790223915595561 
1345773.398205089382827 
1346294.989985509775579 
1346816.565567354904488 
1347338.124952804530039 
1347859.668144036550075 
1348381.195143227698281 
1348902.705952554009855 
1349424.200574192451313 
1349945.679010319290683 
1350467.141263108467683 
1350988.587334735086188 
1351510.017227374250069 
1352031.430943199433386 
1352552.828484382247552 
1353074.209853096865118 
1353595.575051515363157 
1354116.924081808421761 
1354638.256946149980649 
1355159.573646710254252 
1355680.874185657128692 
1356202.158565160818398 
1356723.426787390839309 
1357244.678854516707361 
1357765.914768705144525 
1358287.134532125433907 
1358808.338146942667663 
1359329.525615323334932 
1359850.696939433692023 
1360371.852121437666938 
1360892.991163501981646 
1361414.114067791262642 
1361935.220836469903588 
1362456.311471701133996 
1362977.385975649114698 
1363498.444350478239357 
1364019.486598349409178 
1364540.512721420498565 
1365061.522721854737028 
1365582.516601812094450 
1366103.494363452307880 
1366624.456008937442675 
1367145.401540423277766 
1367666.330960068618879 
1368187.244270032038912 
1368708.141472469549626 
1369229.022569539956748 
1369749.887563399504870 
1370270.736456204671413 
1370791.569250109139830 
1371312.385947270086035 
1371833.186549840494990 
1372353.971059974981472 
1372874.739479827927426 
1373395.491811550920829 
1373916.228057296946645 
1374436.948219217127189 
1374957.652299462584779 
1375478.340300182579085 
1375999.012223528698087 
1376519.668071650434285 
1377040.307846700074151 
1377560.931550825014710 
1378081.539186172652990 
1378602.130754890851676 
1379122.706259127939120 
1379643.265701031079516 
1380163.809082747204229 
1380684.336406420217827 
1381204.847674196586013 
1381725.342888221843168 
1382245.822050638264045 
1382766.285163589753211 
1383286.732229219516739 
1383807.163249671692029 
1384327.578227087156847 
1384847.977163608418778 
1385368.360061378218234 
1385888.726922536036000 
1386409.077749223681167 
1386929.412543580634519 
1387449.731307746376842 
1387970.034043858759105 
1388490.320754057494923 
1389010.591440478339791 
1389530.846105258679017 
1390051.084750535897911 
1390571.307378447847441 
1391091.513991128420457 
1391611.704590715467930 
1392131.879179342184216 
1392652.037759142694995 
1393172.180332251125947 
1393692.306900802534074 
1394212.417466928716749 
1394732.512032761937007 
1395252.590600433526561 
1395772.653172075515613 
1396292.699749818304554 
1396812.730335791828111 
1397332.744932126952335 
1397852.743540952913463 
1398372.726164396852255 
1398892.692804588703439 
1399412.643463655142114 
1399932.578143724938855 
1400452.496846924768761 
1400972.399575380142778 
1401492.286331218434498 
1402012.157116564922035 
1402532.011933543020859 
1403051.850784278241917 
1403571.673670894466341 
1404091.480595515808091 
1404611.271560265449807 
1405131.046567265642807 
1405650.805618636542931 
1406170.548716499237344 
1406690.275862975744531 
1407209.987060185056180 
1407729.682310250820592 
1408249.361615292262286 
1408769.024977427208796 
1409288.672398774186149 
1409808.303881452186033 
1410327.919427577406168 
1410847.519039265578613 
1411367.102718633832410 
1411886.670467797433957 
1412406.222288874909282 
1412925.758183979894966 
1413445.278155224863440 
1413964.782204726478085 
1414484.270334597211331 
1415003.742546951863915 
1415523.198843902675435 
1416042.639227560488507 
1416562.063700038008392 
1417081.472263446543366 
1417600.864919895539060 
1418120.241671498166397 
1418639.602520361542702 
1419158.947468594415113 
1419678.276518305530772 
1420197.589671601075679 
1420716.886930590728298 
1421236.168297384632751 
1421755.433774088742211 
1422274.683362806681544 
1422793.917065644403920 
1423313.134884707629681 
1423832.336822101846337 
1424351.522879931610078 
1424870.693060298217461 
1425389.847365305991843 
1425908.985797058558092 
1426428.108357658609748 
1426947.215049207443371 
1427466.305873809382319 
1427985.380833562929183 
1428504.439930567983538 
1429023.483166922116652 
1429542.510544728953391 
1430061.522066085599363 
1430580.517733089625835 
1431099.497547841630876 
1431618.461512436857447 
1432137.409628971479833 
1432656.341899543534964 
1433175.258326249429956 
1433694.158911184640601 
1434213.043656444409862 
1434731.912564122583717 
1435250.765636313240975 
1435769.602875109994784 
1436288.424282606225461 
1436807.229860895080492 
1437326.019612067611888 
1437844.793538215104491 
1438363.551641431171447 
1438882.293923805933446 
1439401.020387426717207 
1439919.731034384807572 
1440438.425866768928245 
1440957.104886668734252 
1441475.768096173647791 
1441994.415497370297089 
1442513.047092345310375 
1443031.662883185315877 
1443550.262871978804469 
1444068.847060811007395 
1444587.415451764827594 
1445105.968046926893294 
1445624.504848381504416 
1446143.025858212728053 
1446661.531078505096957 
1447180.020511338952929 
1447698.494158799294382 
1448216.952022966695949 
1448735.394105923129246 
1449253.820409748936072 
1449772.230936525156721 
1450290.625688333995640 
1450809.004667251370847 
1451327.367875357856974 
1451845.715314730303362 
1452364.046987448818982 
1452882.362895592814311 
1453400.663041238673031 
1453918.947426463477314 
1454437.216053343610838 
1454955.468923954060301 
1455473.706040367716923 
1455991.927404662827030 
1456510.133018911350518 
1457028.322885186877102 
1457546.497005564160645 
1458064.655382117489353 
1458582.798016917426139 
1459100.924912036629394 
1459619.036069545894861 
1460137.131491516716778 
1460655.211180021753535 
1461173.275137127609923 
1461691.323364905081689 
1462209.355865423800424 
1462727.372640752000734 
1463245.373692957451567 
1463763.359024108853191 
1464281.328636273974553 
1464799.282531515927985 
1465317.220711903180927 
1465835.143179502803832 
1466353.049936378141865 
1466870.940984595334157 
1467388.816326217725873 
1467906.675963308895007 
1468424.519897931022570 
1468942.348132149549201 
1469460.160668026423082 
1469977.957507624058053 
1470495.738653000677004 
1471013.504106219392270 
1471531.253869340522215 
1472048.987944427877665 
1472566.706333538983017 
1473084.409038732759655 
1473602.096062067663297 
1474119.767405599821359 
1474637.423071387456730 
1475155.063061486929655 
1475672.687377957627177 
1476190.296022857772186 
1476707.888998240465298 
1477225.466306158807129 
1477743.027948670787737 
1478260.573927830439061 
1478778.104245691094548 
1479295.618904305389151 
1479813.117905727587640 
1480330.601252011721954 
1480848.068945209961385 
1481365.520987368654460 
1481882.957380542298779 
1482400.378126782830805 
1482917.783228139625862 
1483435.172686661360785 
1483952.546504397410899 
1484469.904683395521715 
1484987.247225705534220 
1485504.574133375659585 
1486021.885408451780677 
1486539.181052981643006 
1487056.461069012526423 
1487573.725458589848131 
1488090.974223761120811 
1488608.207366567570716 
1489125.424889056012034 
1489642.626793269068003 
1490159.813081251224503 
1490676.983755044871941 
1491194.138816690770909 
1491711.278268232941628 
1492228.402111715869978 
1492745.510349178686738 
1493262.602982662152499 
1493779.680014205630869 
1494296.741445848951116 
1494813.787279630545527 
1495000.000000000000000 
