0.0 1.0357322115558723
5000.000000000005 1.0357322115558723
10000.00000000001 1.0357322115558723
15000.000000000013 1.0357322115558723
20000.00000000002 1.0357322115558723
25000.000000000022 1.0357322115558723
30000.000000000025 1.0357322115558723
35000.00000000003 1.0357322115558723
40000.00000000004 1.0357322115558723
45000.00000000004 1.0357322115558723
50000.000000000044 1.0357322115558723
55000.00000000005 1.0357322115558723
60000.00000000005 1.0357322115558723
65000.00000000006 1.0357322115558723
70000.00000000006 1.0357322115558723
75000.00000000007 1.0357322115558723
80000.00000000007 1.0357322115558723
85000.00000000007 1.0357322115558723
90000.00000000007 1.0357322115558723
95000.00000000009 1.0357322115558723
100000.00000000009 1.0357322115558723
105000.00000000009 1.0357322115558723
110000.0000000001 1.0357322115558723
115000.0000000001 1.0357322115558723
120000.0000000001 1.0357322115558723
125000.0 1.0357322115558723
130000.0 1.0357322115558723
135000.0 1.0357322115558723
140000.0 1.0357322115558723
145000.00000000003 1.0357322115558723
150000.00000000003 1.0357322115558723
155000.00000000003 1.0357322115558723
160000.00000000003 1.0357322115558723
165000.00000000003 1.0357322115558723
170000.00000000003 1.0357322115558723
175000.00000000006 1.0357322115558723
180000.00000000006 1.0357322115558723
185000.00000000006 1.0357322115558723
190000.00000000006 1.0357322115558723
195000.00000000006 1.0357322115558723
200000.00000000006 1.0357322115558723
205000.00000000006 1.0357322115558723
210000.0000000001 1.0357322115558723
215000.0000000001 1.0357322115558723
220000.0000000001 1.0357322115558723
225000.0000000001 1.0357322115558723
230000.0000000001 1.0357322115558723
235000.0000000001 1.0357322115558723
240000.00000000012 1.0357322115558723
245000.00000000012 1.0357322115558723
250000.0 1.0357322115558723
255000.0 1.0357322115558723
260000.0 1.0357322115558723
265000.0 1.0357322115558723
270000.0 1.0357322115558723
275000.0 1.0357322115558723
280000.0 1.0357322115558723
285000.00000000006 1.0357322115558723
290000.00000000006 1.0357322115558723
295000.00000000006 1.0357322115558723
300000.00000000006 1.0357322115558723
305000.00000000006 1.0357322115558723
310000.00000000006 1.0357322115558723
315000.00000000006 1.0357322115558723
320000.00000000006 1.0357322115558723
325000.00000000006 1.0357322115558723
330000.00000000006 1.0357322115558723
335000.00000000006 1.0357322115558723
340000.00000000006 1.0357322115558723
345000.00000000006 1.0357322115558723
350000.0000000001 1.0357322115558723
355000.0000000001 1.0357322115558723
360000.0000000001 1.0357322115558723
365000.0000000001 1.0357322115558723
370000.0000000001 1.0357322115558723
375000.0 1.0357322115558723
380000.0 1.0357322115558723
385000.0 1.0357322115558723
390000.0 1.0357322115558723
395000.0 1.0357322115558723
400000.0 1.0357322115558723
405000.0 1.0357322115558723
410000.00000000006 1.0357322115558723
415000.00000000006 1.0357322115558723
420000.00000000006 1.0357322115558723
425000.00000000006 1.0357322115558723
430000.00000000006 1.0357322115558723
435000.00000000006 1.0357322115558723
440000.00000000006 1.0357322115558723
445000.00000000006 1.0357322115558723
450000.00000000006 1.0357322115558723
455000.00000000006 1.0357322115558723
460000.00000000006 1.0357322115558723
465000.00000000006 1.0357322115558723
470000.00000000006 1.0357322115558723
475000.0000000001 1.0357322115558723
480000.0000000001 1.0357322115558723
485000.0000000001 1.0357322115558723
490000.0000000001 1.0357322115558723
495000.0000000001 1.0357322115558723
500000.0 1.0357322115558723
505000.0000000001 1.0357322115558723
510000.0 1.0357322115558723
515000.0000000001 1.0357322115558723
520000.0 1.0357322115558723
525000.0000000001 1.0357322115558723
530000.0 1.0357322115558723
535000.0 1.0357322115558723
540000.0 1.0357322115558723
545000.0 1.0357322115558723
550000.0 1.0357322115558723
555000.0 1.0357322115558723
560000.0 1.0357322115558723
565000.0 1.0357322115558723
570000.0000000001 1.0357322115558723
575000.0000000001 1.0357322115558723
580000.0000000001 1.0357322115558723
585000.0000000001 1.0357322115558723
590000.0000000001 1.0357322115558723
595000.0 1.0357322115558723
600000.0000000001 1.0357322115558723
605000.0 1.0357322115558723
610000.0000000001 1.0357322115558723
615000.0 1.0357322115558723
620000.0000000001 1.0357322115558723
625000.0 1.0357322115558723
630000.0000000001 1.0357322115558723
635000.0 1.0357322115558723
640000.0000000001 1.0357322115558723
645000.0 1.0357322115558723
650000.0000000001 1.0357322115558723
655000.0 1.0357322115558723
660000.0 1.0357322115558723
665000.0 1.0357322115558723
670000.0 1.0357322115558723
675000.0 1.0357322115558723
680000.0 1.0357322115558723
685000.0 1.0357322115558723
690000.0 1.0357322115558723
695000.0000000001 1.0357322115558723
700000.0000000001 1.0
705000.0000000001 1.0
710000.0000000001 1.0
715000.0000000001 1.0
720000.0 1.0
725000.0000000001 1.0
730000.0 1.0
735000.0000000001 1.0
740000.0 1.0
745000.0000000001 1.0
750000.0 1.0
755000.0000000001 1.0
760000.0 1.0
765000.0 1.0
770000.0 1.0
775000.0 1.0
780000.0 1.0
785000.0 1.0
790000.0 1.0
795000.0 1.0
800000.0 1.0
805000.0 1.0
810000.0 1.0
815000.0 1.0
820000.0000000001 1.0
825000.0000000001 1.0
830000.0000000001 1.0
835000.0000000001 1.0
840000.0000000001 1.0
845000.0000000001 1.0
850000.0000000001 1.0
855000.0000000001 1.0
860000.0000000001 1.0
865000.0 1.0
870000.0000000001 1.0
875000.0 1.0
880000.0000000001 1.0
885000.0 1.0
890000.0 1.0
895000.0 1.0
900000.0 1.0
905000.0 1.0
910000.0 1.0
915000.0 1.0
920000.0 1.0
925000.0 1.0
930000.0 1.0
935000.0 1.0
940000.0 1.0
945000.0000000001 1.0
950000.0000000001 1.0
955000.0000000001 1.0
960000.0000000001 1.0
965000.0000000001 1.0
970000.0000000001 1.0
975000.0000000001 1.0
980000.0000000001 1.0
985000.0000000001 1.0
990000.0000000001 1.0
995000.0000000001 1.0
1.0e6 1.0
1.0050000000000001e6 1.0
1.01e6 1.0
1.0150000000000001e6 1.0
1.02e6 1.0
1.0250000000000001e6 1.0
1.03e6 1.0
1.0350000000000001e6 1.0
1.04e6 1.0
1.0450000000000001e6 1.0
1.05e6 1.0
1.0550000000000002e6 1.0
1.06e6 1.0
1.065e6 1.0
1.07e6 1.0
1.075e6 1.0
1.08e6 1.0
1.085e6 1.0
1.09e6 1.0
1.095e6 1.0
1.1e6 1.0
1.105e6 1.0
1.11e6 1.0
1.115e6 1.0
1.12e6 1.0
1.125e6 1.0
1.13e6 1.0
1.135e6 1.0
1.1400000000000002e6 1.0
1.145e6 1.0
1.1500000000000002e6 1.0
1.155e6 1.0
1.1600000000000002e6 1.0
1.165e6 1.0
1.17e6 1.0
1.175e6 1.0
1.1800000000000002e6 1.0
1.185e6 1.0
1.19e6 1.0
1.195e6 1.0
1.2000000000000002e6 1.0
1.205e6 1.0
1.21e6 1.0
1.215e6 1.0
1.22e6 1.2777121260604234
1.225e6 1.2777121260604234
1.23e6 1.2777121260604234
1.235e6 1.2777121260604234
1.24e6 1.2777121260604234
1.245e6 1.2777121260604234
1.25e6 1.2777121260604234
1.255e6 1.2777121260604234
1.26e6 1.2777121260604234
1.2650000000000002e6 1.2777121260604234
1.27e6 1.2777121260604234
1.2750000000000002e6 1.2777121260604234
1.28e6 1.2777121260604234
1.2850000000000002e6 1.2777121260604234
1.29e6 1.2777121260604234
1.295e6 1.2777121260604234
1.3e6 1.2777121260604234
1.3050000000000002e6 1.2777121260604234
1.31e6 1.2777121260604234
1.315e6 1.2777121260604234
1.32e6 1.2777121260604234
1.3250000000000002e6 1.2777121260604234
1.33e6 1.2777121260604234
1.335e6 1.2777121260604234
1.34e6 1.2777121260604234
1.345e6 1.2777121260604234
1.35e6 1.2777121260604234
1.355e6 1.2777121260604234
1.36e6 1.2777121260604234
1.365e6 1.2777121260604234
1.37e6 1.2777121260604234
1.375e6 1.2777121260604234
1.38e6 1.2777121260604234
1.385e6 1.0
1.3900000000000002e6 1.0
1.395e6 1.0
1.4000000000000002e6 1.0
1.405e6 1.0
1.4100000000000002e6 1.0
1.415e6 1.0
1.42e6 1.0
1.425e6 1.0
1.4300000000000002e6 1.0
1.435e6 1.0
1.44e6 1.0
1.445e6 1.0
1.4500000000000002e6 1.0
1.455e6 1.0
1.46e6 1.0
1.465e6 1.0
1.47e6 1.0
1.475e6 1.0
1.48e6 1.0
1.485e6 1.0
1.49e6 1.0
1.495e6 1.0
1.5e6 1.0
1.505e6 1.0
1.51e6 1.0
1.5150000000000002e6 1.0
1.52e6 1.0
1.525e6 1.0
1.53e6 1.0
1.5350000000000002e6 1.0
1.54e6 1.0
1.545e6 1.0
1.55e6 1.0
1.5550000000000002e6 1.0
1.56e6 1.0
1.565e6 1.0
1.57e6 1.0
1.5750000000000002e6 1.0
1.58e6 1.0
1.585e6 1.0
1.59e6 1.0
1.5950000000000002e6 1.0
1.6e6 1.0
1.605e6 1.0
1.61e6 1.0
1.6150000000000002e6 1.0
1.62e6 1.0
1.625e6 1.0
1.63e6 1.0
1.635e6 1.0
1.6400000000000002e6 1.0
1.645e6 1.0
1.65e6 1.0
1.655e6 1.0
1.6600000000000002e6 1.0
1.665e6 1.0
1.67e6 1.0
1.675e6 1.0
1.6800000000000002e6 0.9274627455078452
1.685e6 0.9274627455078452
1.69e6 0.9274627455078452
1.695e6 0.9274627455078452
1.7000000000000002e6 0.9274627455078452
1.705e6 0.9274627455078452
1.71e6 0.9274627455078452
1.715e6 0.9274627455078452
1.7200000000000002e6 0.9274627455078452
1.725e6 0.9274627455078452
1.73e6 0.9274627455078452
1.735e6 0.9274627455078452
1.7400000000000002e6 0.9274627455078452
1.745e6 0.9274627455078452
1.75e6 0.9274627455078452
1.755e6 0.9274627455078452
1.76e6 0.9274627455078452
1.7650000000000002e6 0.9274627455078452
1.77e6 0.9274627455078452
1.775e6 0.9274627455078452
1.78e6 0.9274627455078452
1.7850000000000002e6 0.9274627455078452
1.79e6 0.9274627455078452
1.795e6 0.9274627455078452
1.8e6 0.9274627455078452
1.8050000000000002e6 0.9274627455078452
1.81e6 0.9274627455078452
1.815e6 0.9274627455078452
1.82e6 0.9274627455078452
1.8250000000000002e6 0.9274627455078452
1.83e6 0.9274627455078452
1.835e6 0.9274627455078452
1.84e6 0.9274627455078452
1.8450000000000002e6 0.9274627455078452
1.85e6 0.9274627455078452
1.855e6 0.9274627455078452
1.86e6 0.9274627455078452
1.8650000000000002e6 0.9274627455078452
1.87e6 0.9274627455078452
1.875e6 0.9274627455078452
1.88e6 0.9274627455078452
1.885e6 0.9274627455078452
1.8900000000000002e6 0.9274627455078452
1.895e6 0.9274627455078452
1.9e6 0.9274627455078452
1.905e6 0.9274627455078452
1.9100000000000002e6 0.9274627455078452
1.915e6 0.9274627455078452
1.92e6 0.9274627455078452
1.925e6 0.9274627455078452
1.9300000000000002e6 0.9274627455078452
1.935e6 0.9274627455078452
1.94e6 0.9274627455078452
1.945e6 0.9274627455078452
1.9500000000000002e6 0.9274627455078452
1.955e6 0.9274627455078452
1.96e6 0.9274627455078452
1.965e6 0.9274627455078452
1.9700000000000002e6 0.9274627455078452
1.975e6 0.9274627455078452
1.98e6 0.9274627455078452
1.985e6 0.9274627455078452
1.9900000000000002e6 0.9274627455078452
1.995e6 0.9274627455078452
