0.0 1.0027662802857555
5000.000000000005 1.0027662802857555
10000.00000000001 1.0027662802857555
15000.000000000013 1.0027662802857555
20000.00000000002 1.0027662802857555
25000.000000000022 1.0027662802857555
30000.000000000025 1.0027662802857555
35000.00000000003 1.0027662802857555
40000.00000000004 1.0027662802857555
45000.00000000004 1.0027662802857555
50000.000000000044 1.0027662802857555
55000.00000000005 1.0027662802857555
60000.00000000005 1.0027662802857555
65000.00000000006 1.0027662802857555
70000.00000000006 1.0027662802857555
75000.00000000007 1.0027662802857555
80000.00000000007 1.0027662802857555
85000.00000000007 1.0027662802857555
90000.00000000007 1.0027662802857555
95000.00000000009 1.0027662802857555
100000.00000000009 1.0027662802857555
105000.00000000009 1.0027662802857555
110000.0000000001 1.0027662802857555
115000.0000000001 1.0027662802857555
120000.0000000001 1.0027662802857555
125000.0 1.0027662802857555
130000.0 1.0027662802857555
135000.0 1.0027662802857555
140000.0 1.0027662802857555
145000.00000000003 1.0027662802857555
150000.00000000003 1.0027662802857555
155000.00000000003 1.0027662802857555
160000.00000000003 1.0027662802857555
165000.00000000003 1.0027662802857555
170000.00000000003 1.0027662802857555
175000.00000000006 1.0027662802857555
180000.00000000006 1.0027662802857555
185000.00000000006 1.0027662802857555
190000.00000000006 1.0027662802857555
195000.00000000006 1.0027662802857555
200000.00000000006 1.0027662802857555
205000.00000000006 1.0027662802857555
210000.0000000001 1.0027662802857555
215000.0000000001 1.0027662802857555
220000.0000000001 1.0027662802857555
225000.0000000001 1.0027662802857555
230000.0000000001 1.0027662802857555
235000.0000000001 1.0027662802857555
240000.00000000012 1.0027662802857555
245000.00000000012 1.0027662802857555
250000.0 1.0027662802857555
255000.0 1.0027662802857555
260000.0 1.0027662802857555
265000.0 1.0027662802857555
270000.0 1.0027662802857555
275000.0 1.0027662802857555
280000.0 1.0027662802857555
285000.00000000006 1.0027662802857555
290000.00000000006 1.0027662802857555
295000.00000000006 1.0027662802857555
300000.00000000006 1.0027662802857555
305000.00000000006 1.0027662802857555
310000.00000000006 1.0027662802857555
315000.00000000006 1.0027662802857555
320000.00000000006 1.0027662802857555
325000.00000000006 1.0027662802857555
330000.00000000006 1.0027662802857555
335000.00000000006 1.0027662802857555
340000.00000000006 1.0027662802857555
345000.00000000006 1.0027662802857555
350000.0000000001 1.0027662802857555
355000.0000000001 1.0027662802857555
360000.0000000001 1.0027662802857555
365000.0000000001 1.0038117232859074
370000.0000000001 1.0038117232859074
375000.0 1.0038117232859074
380000.0 1.0038117232859074
385000.0 1.0038117232859074
390000.0 1.0038117232859074
395000.0 1.0038117232859074
400000.0 1.0038117232859074
405000.0 1.0038117232859074
410000.00000000006 1.0038117232859074
415000.00000000006 1.0038117232859074
420000.00000000006 1.0038117232859074
425000.00000000006 1.0038117232859074
430000.00000000006 1.0038117232859074
435000.00000000006 1.0038117232859074
440000.00000000006 1.0038117232859074
445000.00000000006 1.0038117232859074
450000.00000000006 1.0038117232859074
455000.00000000006 1.0038117232859074
460000.00000000006 1.0038117232859074
465000.00000000006 1.0038117232859074
470000.00000000006 1.0038117232859074
475000.0000000001 1.0038117232859074
480000.0000000001 1.0038117232859074
485000.0000000001 1.0038117232859074
490000.0000000001 1.0038117232859074
495000.0000000001 1.0038117232859074
500000.0 1.0038117232859074
505000.0000000001 1.0038117232859074
510000.0 1.0038117232859074
515000.0000000001 1.0038117232859074
520000.0 1.0038117232859074
525000.0000000001 1.0038117232859074
530000.0 1.0038117232859074
535000.0 1.0038117232859074
540000.0 1.0038117232859074
545000.0 1.0038117232859074
550000.0 1.0038117232859074
555000.0 1.0038117232859074
560000.0 1.0038117232859074
565000.0 1.0038117232859074
570000.0000000001 1.0038117232859074
575000.0000000001 1.0038117232859074
580000.0000000001 1.0038117232859074
585000.0000000001 1.0038117232859074
590000.0000000001 1.0038117232859074
595000.0 1.0038117232859074
600000.0000000001 1.0038117232859074
605000.0 1.0038117232859074
610000.0000000001 1.0038117232859074
615000.0 1.0038117232859074
620000.0000000001 1.0038117232859074
625000.0 1.0038117232859074
630000.0000000001 1.0038117232859074
635000.0 1.0038117232859074
640000.0000000001 1.0038117232859074
645000.0 1.0038117232859074
650000.0000000001 1.0038117232859074
655000.0 1.0038117232859074
660000.0 1.0038117232859074
665000.0 1.0038117232859074
670000.0 1.0038117232859074
675000.0 1.0038117232859074
680000.0 1.0010425589897716
685000.0 1.0010425589897716
690000.0 1.0010425589897716
695000.0000000001 1.0010425589897716
700000.0000000001 1.0010425589897716
705000.0000000001 1.0010425589897716
710000.0000000001 1.0010425589897716
715000.0000000001 1.0010425589897716
720000.0 1.0010425589897716
725000.0000000001 1.0010425589897716
730000.0 1.0010425589897716
735000.0000000001 1.0010425589897716
740000.0 1.0010425589897716
745000.0000000001 1.0010425589897716
750000.0 1.0010425589897716
755000.0000000001 1.0010425589897716
760000.0 1.0010425589897716
765000.0 1.0010425589897716
770000.0 1.0010425589897716
775000.0 1.0010425589897716
780000.0 1.0010425589897716
785000.0 1.0010425589897716
790000.0 1.0010425589897716
795000.0 1.0010425589897716
800000.0 1.0010425589897716
805000.0 1.0010425589897716
810000.0 1.0010425589897716
815000.0 1.0010425589897716
820000.0000000001 1.0010425589897716
825000.0000000001 1.0010425589897716
830000.0000000001 1.0010425589897716
835000.0000000001 1.0010425589897716
840000.0000000001 1.0010425589897716
845000.0000000001 1.0010425589897716
850000.0000000001 1.0010425589897716
855000.0000000001 1.0010425589897716
860000.0000000001 1.0010425589897716
865000.0 1.0010425589897716
870000.0000000001 1.0010425589897716
875000.0 1.0010425589897716
880000.0000000001 1.0010425589897716
885000.0 1.0010425589897716
890000.0 1.0010425589897716
895000.0 1.0010425589897716
900000.0 1.0010425589897716
905000.0 1.0010425589897716
910000.0 1.0010425589897716
915000.0 1.0010425589897716
920000.0 1.0010425589897716
925000.0 1.0010425589897716
930000.0 1.0010425589897716
935000.0 1.0010425589897716
940000.0 1.0010425589897716
945000.0000000001 1.0010425589897716
950000.0000000001 1.0010425589897716
955000.0000000001 1.0010425589897716
960000.0000000001 1.0010425589897716
965000.0000000001 1.0010425589897716
970000.0000000001 1.0010425589897716
975000.0000000001 1.0010425589897716
980000.0000000001 1.0010425589897716
985000.0000000001 1.0010425589897716
990000.0000000001 1.0010425589897716
995000.0000000001 1.0010425589897716
1.0e6 1.0010425589897716
1.0050000000000001e6 1.0010425589897716
1.01e6 1.0010425589897716
1.0150000000000001e6 1.0010425589897716
1.02e6 1.0010425589897716
1.0250000000000001e6 1.0010425589897716
1.03e6 1.0010425589897716
1.0350000000000001e6 1.0010425589897716
1.04e6 1.0010425589897716
1.0450000000000001e6 1.0010425589897716
1.05e6 1.0010425589897716
1.0550000000000002e6 1.0010425589897716
1.06e6 1.0010425589897716
1.065e6 1.0010425589897716
1.07e6 1.0010425589897716
1.075e6 1.0010425589897716
1.08e6 1.0010425589897716
1.085e6 1.0010425589897716
1.09e6 1.0010425589897716
1.095e6 1.0
1.1e6 1.0
1.105e6 1.0
1.11e6 1.0
1.115e6 1.0
1.12e6 1.0
1.125e6 1.0
1.13e6 1.0
1.135e6 1.0
1.1400000000000002e6 1.0
1.145e6 1.0
1.1500000000000002e6 1.0
1.155e6 1.0
1.1600000000000002e6 1.0
1.165e6 1.0
1.17e6 1.0
1.175e6 1.0
1.1800000000000002e6 1.0
1.185e6 1.0
1.19e6 1.0
1.195e6 1.0
1.2000000000000002e6 1.0
1.205e6 1.0
1.21e6 1.0
1.215e6 0.9995174286305611
1.22e6 0.9995174286305611
1.225e6 0.9995174286305611
1.23e6 0.9995174286305611
1.235e6 0.9995174286305611
1.24e6 0.9995174286305611
1.245e6 0.9995174286305611
1.25e6 0.9995174286305611
1.255e6 0.9995174286305611
1.26e6 0.9995174286305611
1.2650000000000002e6 0.9995174286305611
1.27e6 0.9995174286305611
1.2750000000000002e6 0.9995174286305611
1.28e6 0.9995174286305611
1.2850000000000002e6 0.9995174286305611
1.29e6 0.9995174286305611
1.295e6 0.9995174286305611
1.3e6 0.9995174286305611
1.3050000000000002e6 0.9995174286305611
1.31e6 0.9995174286305611
1.315e6 0.9995174286305611
1.32e6 0.9995174286305611
1.3250000000000002e6 0.9995174286305611
1.33e6 0.9995174286305611
1.335e6 0.9995174286305611
1.34e6 0.9995174286305611
1.345e6 0.9995174286305611
1.35e6 0.9995174286305611
1.355e6 0.9995174286305611
1.36e6 0.9995174286305611
1.365e6 0.9995174286305611
1.37e6 0.9995174286305611
1.375e6 0.9995174286305611
1.38e6 0.9995174286305611
1.385e6 0.9995174286305611
1.3900000000000002e6 0.9995174286305611
1.395e6 0.9995174286305611
1.4000000000000002e6 0.9995174286305611
1.405e6 0.9995174286305611
1.4100000000000002e6 0.9995174286305611
1.415e6 0.9995174286305611
1.42e6 0.9995174286305611
1.425e6 0.9995174286305611
1.4300000000000002e6 0.9995174286305611
1.435e6 0.9995174286305611
1.44e6 0.9995174286305611
1.445e6 0.9995174286305611
1.4500000000000002e6 0.9995174286305611
1.455e6 0.9995174286305611
1.46e6 0.9995174286305611
1.465e6 0.9995174286305611
1.47e6 0.9995174286305611
1.475e6 0.9995174286305611
1.48e6 0.9995174286305611
1.485e6 0.9995174286305611
1.49e6 0.9995174286305611
1.495e6 0.9995174286305611
1.5e6 0.9995174286305611
1.505e6 0.9995174286305611
1.51e6 0.9995174286305611
1.5150000000000002e6 0.9995174286305611
1.52e6 0.9995174286305611
1.525e6 0.9995174286305611
1.53e6 0.9995174286305611
1.5350000000000002e6 0.9995174286305611
1.54e6 0.9995174286305611
1.545e6 0.9995174286305611
1.55e6 0.9995174286305611
1.5550000000000002e6 0.9995174286305611
1.56e6 0.9995174286305611
1.565e6 0.9995174286305611
1.57e6 0.9995174286305611
1.5750000000000002e6 0.9995174286305611
1.58e6 0.9995174286305611
1.585e6 0.9995174286305611
1.59e6 0.9995174286305611
1.5950000000000002e6 0.9995174286305611
1.6e6 0.9995174286305611
1.605e6 0.9995174286305611
1.61e6 0.9995174286305611
1.6150000000000002e6 0.9995174286305611
1.62e6 0.9995174286305611
1.625e6 0.9995174286305611
1.63e6 0.9995174286305611
1.635e6 0.9995174286305611
1.6400000000000002e6 0.9995174286305611
1.645e6 0.9995174286305611
1.65e6 0.9995174286305611
1.655e6 0.9995174286305611
1.6600000000000002e6 0.9995174286305611
1.665e6 0.9995174286305611
1.67e6 0.9995174286305611
1.675e6 0.9995174286305611
1.6800000000000002e6 0.9995174286305611
1.685e6 0.9995174286305611
1.69e6 0.9995174286305611
1.695e6 0.9995174286305611
1.7000000000000002e6 0.9995174286305611
1.705e6 0.9995174286305611
1.71e6 0.9995174286305611
1.715e6 0.9995174286305611
1.7200000000000002e6 0.9995174286305611
1.725e6 0.9995174286305611
1.73e6 0.9995174286305611
1.735e6 0.9995174286305611
1.7400000000000002e6 0.9995174286305611
1.745e6 0.9995174286305611
1.75e6 0.9995174286305611
1.755e6 0.9995174286305611
1.76e6 0.9995174286305611
1.7650000000000002e6 0.9995174286305611
1.77e6 0.9995174286305611
1.775e6 0.9995174286305611
1.78e6 0.9995174286305611
1.7850000000000002e6 0.9995174286305611
1.79e6 0.9995174286305611
1.795e6 0.9995174286305611
1.8e6 0.9995174286305611
1.8050000000000002e6 0.9995174286305611
1.81e6 0.9995174286305611
1.815e6 0.9995174286305611
1.82e6 0.9995174286305611
1.8250000000000002e6 0.9995174286305611
1.83e6 0.9995174286305611
1.835e6 0.9995174286305611
1.84e6 0.9995174286305611
1.8450000000000002e6 1.0
1.85e6 1.0
1.855e6 1.0
1.86e6 1.0
1.8650000000000002e6 1.0
1.87e6 1.0
1.875e6 1.0
1.88e6 1.0
1.885e6 1.0
1.8900000000000002e6 1.0
1.895e6 1.0
1.9e6 1.0
1.905e6 1.0
1.9100000000000002e6 1.0
1.915e6 1.0
1.92e6 1.0
1.925e6 1.0
1.9300000000000002e6 1.0
1.935e6 1.0
1.94e6 1.0
1.945e6 1.0
1.9500000000000002e6 1.0
1.955e6 1.0
1.96e6 1.0
1.965e6 1.0
1.9700000000000002e6 1.0
1.975e6 1.0
1.98e6 1.0
1.985e6 1.0
1.9900000000000002e6 1.0
1.995e6 1.0
