0.0 0.010000000000000005
5000.000000000005 0.010000000000000005
10000.00000000001 0.010000000000000005
15000.000000000013 0.010000000000000005
20000.00000000002 0.010000000000000005
25000.000000000022 0.010000000000000005
29999.99999999997 0.010000000000000005
34999.99999999998 0.010000000000000005
39999.99999999998 0.010000000000000005
44999.999999999985 0.010000000000000005
49999.999999999985 0.010000000000000023
54999.99999999999 0.01000000000000353
60000.0 0.010000000000428168
65000.0 0.010000000031795034
70000.0 0.010000001444961158
75000.00000000001 0.01000004018853418
80000.00000000001 0.010000684084259963
85000.00000000001 0.01000712838642918
90000.00000000003 0.010045531647860987
94999.99999999997 0.010178821321463484
99999.99999999997 0.010432288525660433
104999.99999999999 0.010637946923779363
109999.99999999999 0.010568636170560785
114999.99999999999 0.010307319868072914
120000.0 0.010101902407340829
125000.0 0.010020804653618076
130000.0 0.010002607607013199
135000.0 0.010000200177184034
140000.0 0.010000009405533503
145000.00000000003 0.010000000270460933
150000.00000000003 0.010000000004759646
154999.99999999997 0.01000000000005127
159999.99999999997 0.010000000000000342
164999.99999999997 0.010000000000000005
169999.99999999997 0.010000000000000005
175000.0 0.010000000000000005
180000.0 0.010000000000000005
185000.0 0.010000000000000005
190000.0 0.010000000000000005
195000.0 0.010000000000000005
200000.0 0.010000000000000005
205000.00000000003 0.010000000000000005
210000.00000000003 0.010000000000000005
215000.00000000003 0.010000000000000075
219999.99999999997 0.010000000000011507
224999.99999999997 0.01000000000117843
229999.99999999997 0.010000000074831967
235000.0 0.01000000294522094
240000.0 0.010000071844972569
245000.0 0.010001086279954025
250000.0 0.010010183777999216
255000.0 0.010059290927401968
260000.0 0.010215077684144617
265000.0 0.010486211416126247
270000.0 0.010678521633976677
275000.0 0.010578770600774116
280000.0 0.010303378889673958
285000.00000000006 0.010098880774371525
290000.00000000006 0.010020097868985774
295000.0 0.010002539545006378
300000.0 0.01000019903903647
305000.0 0.010000009669714673
310000.0 0.010000000291165101
315000.0 0.010000000005433907
320000.0 0.010000000000062861
325000.0 0.010000000000000456
329999.99999999994 0.010000000000000005
334999.99999999994 0.010000000000000005
339999.99999999994 0.010000000000000005
345000.0 0.010000000000000005
350000.0 0.010000000000000005
355000.0 0.010000000000000005
360000.0 0.010000000000000005
365000.0 0.010000000000000005
370000.0 0.020000000000000004
375000.0 0.020000000000000004
380000.0 0.020000000000000004
385000.0 0.020000000000000004
390000.0 0.020000000000000004
395000.0 0.020000000000000004
400000.0 0.020000000000000004
405000.0 0.020000000000000056
410000.00000000006 0.020000000000001548
415000.0 0.020000000000039347
420000.0 0.020000000000814196
425000.0 0.020000000013703653
430000.0 0.020000000187600064
435000.0 0.020000002089027347
440000.0 0.02000001892502698
445000.0 0.020000139534126462
450000.0 0.020000838058554946
455000.0 0.020004108361396312
460000.0 0.020016500540988722
464999.99999999994 0.02005464165924912
470000.0 0.020150539747358268
475000.0 0.020348404355180642
480000.0 0.02068129713938673
485000.0 0.021121737802170124
490000.0 0.021532094340882275
495000.0 0.0216980547726163
500000.0 0.02149622047200445
505000.0 0.021035259232906403
510000.0 0.020559751444438223
515000.0 0.020235959969307254
520000.0 0.02007737473607004
525000.0 0.020019721412102693
530000.0 0.020003957186523574
535000.0 0.020001101638958754
540000.0 0.02000439080562213
545000.0 0.020028125760749832
550000.0 0.020136171359575433
555000.0 0.020492074385650795
560000.0 0.021334066474115957
565000.0 0.02271359296445847
570000.0 0.024086694099592982
575000.0 0.0244649853384337
580000.0 0.023516708379137878
585000.0 0.022027646164361335
590000.0 0.020872429692249502
595000.0 0.020281997978946205
600000.0 0.020068102126115088
605000.0 0.02000470631578624
610000.0 0.019840377868278865
615000.0 0.018867443271006184
620000.0 0.017359974763146647
625000.0 0.008905738445868618
630000.0 0.009685212648759035
635000.0 0.009970282355045509
640000.0 0.009999066376149201
645000.0 0.009999990124954467
650000.0 0.009999999964787096
655000.0 0.009999999999957675
660000.0 0.009999999999999986
665000.0 0.010000000000000005
669999.9999999999 0.010000000000000005
675000.0 0.010000000000000005
679999.9999999999 0.010000000000000005
685000.0 0.010000000000000005
690000.0 0.010000000000000005
695000.0000000001 0.010000000000000005
700000.0 0.010000000000000005
705000.0 0.009999999999999969
710000.0 0.009999999999966397
715000.0 0.009999999986870853
720000.0 0.009999997896061798
725000.0 0.009999861707599105
730000.0 0.009996272130939874
735000.0 0.009958851043273511
740000.0 0.009814696779732951
745000.0 0.009657973774257542
750000.0 0.00973789930456803
755000.0 0.009917202182447574
760000.0 0.00998933002157594
765000.0 0.009999437752653589
770000.0 0.009999987853374482
775000.0 0.00999999989236732
780000.0 0.009999999999608798
784999.9999999999 0.009999999999999419
790000.0 0.010000000000000005
794999.9999999999 0.010000000000000005
800000.0 0.010000000000000005
804999.9999999999 0.010000000000000005
810000.0 0.010000000000000005
815000.0 0.010000000000000005
820000.0000000001 0.010000000000000005
825000.0 0.010000000000000005
830000.0000000001 0.010000000000000005
835000.0 0.010000000000000005
840000.0000000001 0.010000000000000005
845000.0 0.010000000000000005
850000.0 0.010000000000000005
855000.0 0.010000000000000005
860000.0 0.010000000000000005
865000.0 0.010000000000000005
870000.0 0.010000000000000005
875000.0 0.010000000000000005
880000.0 0.010000000000000005
885000.0 0.010000000000000005
890000.0 0.010000000000000005
895000.0 0.010000000000000005
900000.0 0.010000000000000005
905000.0 0.010000000000000005
909999.9999999999 0.010000000000000005
915000.0 0.010000000000000005
919999.9999999999 0.010000000000000005
925000.0 0.010000000000000012
929999.9999999999 0.010000000000002385
935000.0 0.010000000000433027
940000.0 0.01000000004401843
945000.0000000001 0.010000002501842757
950000.0 0.010000079504681864
955000.0000000001 0.010001412726847616
960000.0 0.010014043467851057
965000.0000000001 0.010078254793844391
970000.0 0.010245040429222507
975000.0 0.010429327865141107
980000.0 0.010416567672640795
985000.0 0.010224017769666322
990000.0 0.010067468173007677
995000.0 0.010011417382199394
1.0e6 0.010001082750703476
1.0049999999999999e6 0.010000057436045595
1.01e6 0.010000001663552985
1.0149999999999999e6 0.009999999335071825
1.02e6 0.00999999082380047
1.0249999999999999e6 0.009999906851663647
1.03e6 0.009999275001007498
1.0349999999999999e6 0.009995673770715939
1.04e6 0.009980216723252142
1.0449999999999999e6 0.009930750111612235
1.05e6 0.00981475496653781
1.055e6 0.009621559291188674
1.06e6 0.009407914701566341
1.065e6 0.009286345307677166
1.07e6 0.009334470826498737
1.075e6 0.009521304004437367
1.08e6 0.00979023426870122
1.085e6 0.010559208430265053
1.09e6 0.01110144041901889
1.095e6 0.010246774162500348
1.1e6 0.010006701644069107
1.105e6 0.0099997946845372
1.11e6 0.009999972807113029
1.115e6 0.009999997679842262
1.12e6 0.00999999984835364
1.125e6 0.009999999992399889
1.13e6 0.009999999999707937
1.135e6 0.009999999999991398
1.14e6 0.00999999999999981
1.145e6 0.010000000000000005
1.15e6 0.010000000000000005
1.155e6 0.010000000000000005
1.16e6 0.010000000000000005
1.165e6 0.010000000000000005
1.17e6 0.010000000000000005
1.175e6 0.010000000000000005
1.18e6 0.010000000000000005
1.185e6 0.010000000000000005
1.19e6 0.010000000000000005
1.195e6 0.010000000000000005
1.2e6 0.010000000000000005
1.205e6 0.010000000000000005
1.21e6 0.010000000000000005
1.215e6 0.010000000000000005
1.22e6 0.010000000000000005
1.225e6 0.010000000000000005
1.23e6 0.010000000000000005
1.235e6 0.010000000000000005
1.24e6 0.010000000000000005
1.245e6 0.010000000000000005
1.25e6 0.020000000000000018
1.255e6 0.02000000000000026
1.26e6 0.020000000000003456
1.265e6 0.020000000000041453
1.27e6 0.020000000000440787
1.275e6 0.020000000004151232
1.28e6 0.020000000034624047
1.285e6 0.020000000255756656
1.29e6 0.02000000167310838
1.295e6 0.020000009693246647
1.3e6 0.020000049735076686
1.305e6 0.020000225998621175
1.31e6 0.0200009094991229
1.315e6 0.02000324163914319
1.32e6 0.020010233533487524
1.325e6 0.020028619241489555
1.33e6 0.020070924703735706
1.335e6 0.020155827479135108
1.34e6 0.020303676444970935
1.345e6 0.02052504787229777
1.35e6 0.020805063929156185
1.355e6 0.021093358995650506
1.36e6 0.021312807639401556
1.365e6 0.021391314036073708
1.37e6 0.021300641858955867
1.375e6 0.021073292627403692
1.38e6 0.020783151600170177
1.385e6 0.02050620487210438
1.39e6 0.020290185732449364
1.395e6 0.020147586520125504
1.4e6 0.020066576958060543
1.405e6 0.020026625140506384
1.41e6 0.020009435269148647
1.415e6 0.020002961971670143
1.42e6 0.02000082357384736
1.425e6 0.020000202809670763
1.43e6 0.020000044231104193
1.435e6 0.020000008543114504
1.44e6 0.02000000146134573
1.445e6 0.02000000022137969
1.45e6 0.020000000029700975
1.455e6 0.020000000003529
1.46e6 0.02000000000037135
1.465e6 0.020799362020532904
1.47e6 0.020000000000002863
1.475e6 0.020000000000000216
1.48e6 0.020000000000000018
1.485e6 0.020000000000000004
1.49e6 0.020000000000000004
1.495e6 0.020000000000000004
