 1.845840264778339  1.844979437052318  1.800031097306981  1.844270375775857  1.844095765570049  1.808470089814260  1.861833221846392  1.868069146247274  1.883438493002783  1.854401108668780  1.848703382866737  1.838996501258694  1.887853003064445 
 1.845840264946186  1.844979440761802  1.800031090174517  1.844270378821131  1.844095772061582  1.808470084667785  1.861833235940363  1.868069177600470  1.883438523158945  1.854401120197062  1.848703376115476  1.838996496212884  1.887852991869751 
 1.845840254901751  1.844979440501964  1.800031086420933  1.844270369324180  1.844095772237265  1.808470081139425  1.861833221744767  1.868069170078956  1.883438510127280  1.854401112712190  1.848703377473083  1.838996498584105  1.887852994556219 
 1.845840239113252  1.844979426678538  1.800031075554924  1.844270354224184  1.844095758833484  1.808470070205928  1.861833206138411  1.868069151404161  1.883438483765586  1.854401096228998  1.848703365561787  1.838996487461583  1.887852984785489 
 1.845840209092137  1.844979392353604  1.800031045599753  1.844270324972696  1.844095725119668  1.808470040187830  1.861833175707110  1.868069114315080  1.883438436503224  1.854401061840231  1.848703332372753  1.838996455167853  1.887852953385650 
 1.845840150942614  1.844979327770816  1.800030983396621  1.844270267664364  1.844095661322968  1.808469978167165  1.861833117230704  1.868069049998079  1.883438364752757  1.854400999056356  1.848703267663719  1.838996391392610  1.887852889629095 
 1.845840050286187  1.844979223587918  1.800030880679979  1.844270168107002  1.844095558143534  1.808469876008370  1.861833018334356  1.868068949152426  1.883438263930244  1.854400898110783  1.848703162105917  1.838996286854411  1.887852784265564 
 1.845839898272623  1.844979070549240  1.800030731819500  1.844270017740326  1.844095406543555  1.808469728064043  1.861832870730041  1.868068802405315  1.883438123037149  1.854400750388263  1.848703006454497  1.838996132577789  1.887852628353395 
 1.845839682193600  1.844978852862760  1.800030522212550  1.844269804250349  1.844095191100672  1.808469519828693  1.861832661479765  1.868068594063420  1.883437923232724  1.854400541033193  1.848702784809401  1.838995913104243  1.887852406389413 
 1.845839374202597  1.844978540874277  1.800030223794325  1.844269500268461  1.844094882591856  1.808469223473969  1.861832363436173  1.868068295719431  1.883437636895672  1.854400242140763  1.848702466969567  1.838995598681948  1.887852088289301 
 1.845838931965210  1.844978091819223  1.800029795727192  1.844269063992119  1.844094438715409  1.808468798443178  1.861831935650434  1.868067866543795  1.883437225157694  1.854399812779967  1.848702009354037  1.838995146177612  1.887851630407600 
 1.845838302537779  1.844977452397252  1.800029186586339  1.844268443124145  1.844093806730651  1.808468193650507  1.861831326848919  1.868067255496532  1.883436638868649  1.854399201622045  1.848701357701900  1.838994501876148  1.887850978426746 
 1.845837427679742  1.844976563569948  1.800028339873069  1.844267580195237  1.844092928268707  1.808467352991486  1.861830480682033  1.868066406128531  1.883435823725065  1.854398352103285  1.848700451864021  1.838993606288081  1.887850072160546 
 1.845836256973318  1.844975374056335  1.800027206739791  1.844266425504187  1.844091752671471  1.808466227980746  1.861829348447520  1.868065269520795  1.883434732713677  1.854397215264938  1.848699239542262  1.838992407731697  1.887848859289443 
 1.845834777130753  1.844973870265587  1.800025774306406  1.844264966008593  1.844090266561617  1.808464805860936  1.861827917429882  1.868063832872812  1.883433353516251  1.854395778254923  1.848697706804577  1.838990892487362  1.887847325880174 
 1.845833059238775  1.844972124331974  1.800024111403616  1.844263271910454  1.844088541304840  1.808463155013015  1.861826256576101  1.868062165378169  1.883431752579714  1.854394110213816  1.848695927051857  1.838989133196836  1.887845545369626 
 1.845831303118506  1.844970339259679  1.800022411527315  1.844261540369804  1.844086777592967  1.808461467583696  1.861824559314893  1.868060461250695  1.883430116416478  1.854392405326197  1.848694107076998  1.838987334365742  1.887843724640796 
 1.845829817635275  1.844968829069523  1.800020973755025  1.844260075996621  1.844085285748860  1.808460040494960  1.861823124313722  1.868059020486759  1.883428733039059  1.854390963603672  1.848692566947135  1.838985812401437  1.887842183894505 
 1.845828868808074  1.844967864547329  1.800020055628669  1.844259140956587  1.844084333209513  1.808459129339000  1.861822208381696  1.868058101206482  1.883427850080671  1.854390043240051  1.848691582910207  1.838984840235575  1.887841199488705 
 1.845828468138622  1.844967457807486  1.800019668157969  1.844258746289930  1.844083931687826  1.808458744895862  1.861821821958503  1.868057714063921  1.883427477557274  1.854389655043037  1.848691167712770  1.838984430213720  1.887840784164271 
 1.845828374638981  1.844967363707011  1.800019577861243  1.844258654213482  1.844083838825385  1.808458655310810  1.861821731772757  1.868057624527590  1.883427390497716  1.854389564701737  1.848691071638753  1.838984335372643  1.887840688087576 
 1.845828363581248  1.844967353220640  1.800019567197371  1.844258643265291  1.844083828434887  1.808458644697825  1.861821720929661  1.868057614341296  1.883427379888187  1.854389554075686  1.848691061020148  1.838984324852648  1.887840677485848 
