4961.00
4947.00
4943.00
4941.00
4938.00
4936.00
4932.00
4928.00
4921.00
4915.00
4907.00
4895.00
4879.00
4852.00
4819.00
4755.00
4625.00
4482.00
4462.00
4459.00
4457.00
4456.00
4455.00
4453.00
4452.00
4451.00
4450.00
4449.00
4449.00
4448.00
4447.00
4447.00
4446.00
4444.00
4443.00
4442.00
4441.00
4439.00
4437.00
4435.00
4433.00
4431.00
4429.00
4427.00
4424.00
4422.00
4420.00
4418.00
4416.00
4414.00
4413.00
4411.00
4410.00
4409.00
4408.00
4407.00
4407.00
4407.00
4407.00
4407.00
4407.00
4408.00
4409.00
4410.00
4411.00
4412.00
4413.00
4414.00
4416.00
4417.00
4419.00
4420.00
4422.00
4423.00
4425.00
4427.00
4428.00
4430.00
4432.00
4433.00
4435.00
4437.00
4438.00
4440.00
4442.00
4443.00
4445.00
4446.00
4448.00
4449.00
4451.00
4452.00
4453.00
4454.00
4456.00
4457.00
4458.00
4459.00
4460.00
4461.00
4462.00
4463.00
4464.00
4465.00
4466.00
4467.00
4468.00
4470.00
4471.00
4473.00
4475.00
4476.00
4478.00
4480.00
4482.00
4484.00
4487.00
4489.00
4491.00
4494.00
4497.00
4499.00
4520.00
4542.00
4564.00
4585.00
4605.00
4623.00
4641.00
4658.00
4674.00
4689.00
4703.00
4717.00
4730.00
4742.00
4753.00
4764.00
4774.00
4784.00
4793.00
4801.00
4810.00
4817.00
4825.00
4831.00
4838.00
4844.00
4850.00
4855.00
4861.00
4866.00
4871.00
4876.00
4880.00
4885.00
4889.00
4892.00
4896.00
4900.00
4903.00
4906.00
4909.00
4912.00
4915.00
4918.00
4920.00
4923.00
4925.00
4927.00
4929.00
4931.00
4933.00
4935.00
4936.00
4938.00
4939.00
4941.00
4942.00
4944.00
4945.00
4946.00
4947.00
4948.00
4949.00
4950.00
4951.00
4952.00
4953.00
4954.00
4955.00
4956.00
4956.00
4957.00
4958.00
4958.00
4959.00
4960.00
4960.00
4961.00
4962.00
4962.00
4963.00
4963.00
4964.00
4964.00
4964.00
4965.00
4965.00
4966.00
4966.00
4967.00
4968.00
4969.00
4970.00
4972.00
4973.00
4974.00
4976.00
4977.00
4979.00
4981.00
4982.00
4984.00
4986.00
4988.00
4990.00
4992.00
4995.00
4997.00
4999.00
5014.00
5033.00
5050.00
5067.00
5083.00
5099.00
5114.00
5129.00
5144.00
5159.00
5174.00
5189.00
5204.00
5218.00
5231.00
5244.00
5256.00
5267.00
5279.00
5290.00
5300.00
5310.00
5319.00
5328.00
5336.00
5343.00
5350.00
5356.00
5362.00
5367.00
5371.00
5376.00
5380.00
5383.00
5387.00
5390.00
5393.00
5396.00
5399.00
5402.00
5405.00
5407.00
5410.00
5412.00
5414.00
5416.00
5418.00
5420.00
5422.00
5423.00
5425.00
5426.00
5428.00
5429.00
5431.00
5432.00
5434.00
5435.00
5436.00
5438.00
5439.00
5440.00
5441.00
5442.00
5443.00
5444.00
5445.00
5446.00
5447.00
5448.00
5449.00
5450.00
5450.00
5451.00
5452.00
5453.00
5453.00
5454.00
5455.00
5455.00
5456.00
5456.00
5457.00
5458.00
5458.00
5459.00
5460.00
5460.00
5461.00
5462.00
5462.00
5463.00
5464.00
5464.00
5465.00
5465.00
5466.00
5467.00
5467.00
5468.00
5469.00
5470.00
5472.00
5473.00
5474.00
5475.00
5476.00
5478.00
5479.00
5481.00
5482.00
5484.00
5486.00
5488.00
5491.00
5493.00
5496.00
5499.00
5520.00
5562.00
5601.00
5639.00
5676.00
5710.00
5742.00
5771.00
5798.00
5824.00
5848.00
5872.00
5894.00
5915.00
5936.00
5957.00
5976.00
5995.00
6014.00
6032.00
6049.00
6065.00
6080.00
6094.00
6107.00
6120.00
6131.00
6141.00
6151.00
6160.00
6168.00
6176.00
6184.00
6190.00
6197.00
6203.00
6209.00
6215.00
6220.00
6225.00
6230.00
6235.00
6240.00
6244.00
6249.00
6253.00
6257.00
6261.00
6265.00
6269.00
6273.00
6277.00
6280.00
6284.00
6287.00
6291.00
6294.00
6298.00
6301.00
6304.00
6307.00
6309.00
6312.00
6315.00
6317.00
6319.00
6321.00
6323.00
6325.00
6326.00
6328.00
6330.00
6331.00
6333.00
6334.00
6335.00
6337.00
6338.00
6339.00
6341.00
6342.00
6343.00
6344.00
6345.00
6346.00
6347.00
6348.00
6349.00
6350.00
6351.00
6351.00
6352.00
6353.00
6353.00
6354.00
6354.00
6354.00
6353.00
6353.00
6353.00
6353.00
6353.00
6353.00
6353.00
6354.00
6354.00
6355.00
6356.00
6357.00
6358.00
6360.00
6362.00
6365.00
6367.00
6369.00
6371.00
6372.00
6373.00
6374.00
6375.00
6376.00
6376.00
6376.00
6376.00
6376.00
6376.00
6376.00
6376.00
6376.00
6375.00
6375.00
6374.00
6374.00
6373.00
6373.00
6372.00
6371.00
6370.00
6369.00
6369.00
6368.00
6367.00
6366.00
6364.00
6363.00
6362.00
6361.00
6360.00
6358.00
6357.00
6355.00
6354.00
6352.00
6350.00
6348.00
6347.00
6345.00
6342.00
6340.00
6338.00
6335.00
6333.00
6330.00
6327.00
6323.00
6320.00
6316.00
6312.00
6307.00
6302.00
6297.00
6291.00
6285.00
6279.00
6272.00
6265.00
6259.00
6252.00
6245.00
6238.00
6231.00
6224.00
6216.00
6208.00
6200.00
6191.00
6181.00
6171.00
6161.00
6150.00
6138.00
6125.00
6112.00
6098.00
6083.00
6067.00
6050.00
6033.00
6016.00
5997.00
5978.00
5957.00
5934.00
5910.00
5883.00
5852.00
5815.00
5771.00
5724.00
5675.00
5623.00
5567.00
5506.00
5496.00
5493.00
5489.00
5487.00
5485.00
5483.00
5481.00
5479.00
5476.00
5474.00
5472.00
5470.00
5468.00
5467.00
5466.00
5466.00
5465.00
5464.00
5463.00
5463.00
5462.00
5462.00
5461.00
5460.00
5459.00
5459.00
5458.00
5457.00
5457.00
5456.00
5456.00
5455.00
5455.00
5459.00
5493.00
5787.00
5964.00
6086.00
6181.00
6242.00
6321.00
6415.00
6500.00
6500.00
6500.00
6500.00
6500.00
6500.00
6500.00
6500.00
6500.00
6500.00
6500.00
6500.00
6500.00
6500.00
6500.00
6500.00
6500.00
6500.00
6500.00
6500.00
6500.00
6500.00
6500.00
6500.00
6500.00
6500.00
6500.00
6500.00
6500.00
6500.00
6500.00
6500.00
6500.00
6500.00
6500.00
6500.00
6500.00
6500.00
6500.00
6500.00
6500.00
6500.00
6500.00
6500.00
6500.00
6500.00
6500.00
6500.00
6500.00
6500.00
6500.00
6500.00
6500.00
6500.00
6500.00
6500.00
6500.00
6500.00
6500.00
6500.00
6500.00
6500.00
6500.00
6500.00
6500.00
6500.00
6500.00
6500.00
6500.00
6500.00
6500.00
6500.00
6500.00
6500.00
6500.00
6500.00
6500.00
6500.00
6500.00
6500.00
6500.00
6500.00
6500.00
6500.00
6500.00
6500.00
6500.00
6500.00
6500.00
6500.00
6500.00
6500.00
6500.00
6500.00
6500.00
6500.00
6500.00
6500.00
6500.00
6500.00
6500.00
6500.00
6500.00
6500.00
6500.00
6500.00
6500.00
6500.00
6500.00
6500.00
6500.00
6500.00
6500.00
6500.00
6500.00
6500.00
6500.00
6500.00
6500.00
6500.00
6500.00
6500.00
6500.00
6500.00
6500.00
6500.00
6500.00
6500.00
6500.00
6500.00
6500.00
6500.00
6500.00
6500.00
6500.00
6500.00
6500.00
6500.00
6500.00
6500.00
6500.00
6500.00
6500.00
6500.00
6500.00
6500.00
6500.00
6500.00
6500.00
6500.00
6500.00
6500.00
6500.00
6500.00
6500.00
6500.00
6500.00
6500.00
6500.00
6500.00
6500.00
6500.00
6500.00
6500.00
6500.00
6500.00
6500.00
6500.00
6500.00
6500.00
6500.00
6500.00
6500.00
6500.00
6500.00
6500.00
6500.00
6500.00
6500.00
6500.00
6500.00
6500.00
6500.00
6500.00
6500.00
6500.00
6500.00
6500.00
6500.00
6500.00
6500.00
6500.00
6500.00
6500.00
6500.00
6500.00
6500.00
6500.00
6500.00
6500.00
6500.00
6500.00
6500.00
6500.00
6500.00
6500.00
6500.00
6500.00
6500.00
6500.00
6500.00
6500.00
6500.00
6500.00
6500.00
6500.00
6500.00
6500.00
6500.00
6500.00
6500.00
6500.00
6500.00
6500.00
6500.00
6500.00
6500.00
6500.00
6500.00
6500.00
6500.00
6500.00
6500.00
6500.00
6500.00
6500.00
6500.00
6500.00
6500.00
6500.00
6500.00
6500.00
6500.00
6500.00
6500.00
6500.00
6500.00
6500.00
6500.00
6500.00
6500.00
6500.00
6500.00
6500.00
6500.00
6500.00
6500.00
6500.00
6500.00
6500.00
6500.00
6500.00
6500.00
6500.00
6500.00
6500.00
6500.00
6500.00
6500.00
6500.00
6500.00
6500.00
6500.00
6500.00
6500.00
6500.00
6500.00
6500.00
6500.00
6500.00
6500.00
6500.00
6500.00
6500.00
6500.00
6500.00
6500.00
6500.00
6500.00
6500.00
6500.00
6500.00
6500.00
6500.00
6500.00
6500.00
6500.00
6500.00
6500.00
6500.00
6500.00
6500.00
6500.00
6500.00
6500.00
6500.00
6500.00
6500.00
6500.00
6500.00
6500.00
6500.00
6500.00
6500.00
6500.00
6500.00
6500.00
6500.00
6500.00
6500.00
6500.00
6500.00
6500.00
6500.00
6500.00
6500.00
6500.00
6500.00
6500.00
6500.00
6500.00
6500.00
6500.00
6500.00
6500.00
6500.00
6500.00
6500.00
6500.00
6500.00
6500.00
6500.00
6500.00
6500.00
6500.00
6500.00
6500.00
6500.00
6500.00
6500.00
6500.00
6500.00
6500.00
6500.00
6500.00
6500.00
6500.00
6500.00
6500.00
6500.00
6500.00
6500.00
6500.00
6500.00
6500.00
6500.00
6500.00
6500.00
6500.00
6500.00
6500.00
6500.00
6500.00
6500.00
6500.00
6500.00
6500.00
6500.00
6500.00
6500.00
6500.00
6500.00
6500.00
6500.00
6500.00
6500.00
6500.00
6500.00
6500.00
6500.00
6500.00
6500.00
6500.00
6500.00
6500.00
6500.00
6500.00
6500.00
6500.00
6500.00
6500.00
6500.00
6500.00
6500.00
6500.00
6500.00
6500.00
6500.00
6500.00
6500.00
6500.00
6500.00
6500.00
6500.00
6500.00
6500.00
6500.00
6500.00
6500.00
6500.00
6500.00
6500.00
6500.00
6500.00
6500.00
6500.00
6500.00
6500.00
6500.00
6500.00
6500.00
6500.00
6500.00
6500.00
6500.00
6500.00
6500.00
6500.00
6500.00
6500.00
6500.00
6500.00
6500.00
6500.00
6500.00
6500.00
6500.00
6500.00
6500.00
6500.00
6500.00
6500.00
6500.00
6500.00
6500.00
6500.00
6500.00
6500.00
6500.00
6500.00
6500.00
6500.00
6500.00
6500.00
6500.00
6500.00
6500.00
6500.00
6500.00
6500.00
6500.00
6500.00
6500.00
6500.00
6500.00
6500.00
6500.00
6500.00
6500.00
6500.00
6500.00
6500.00
6500.00
6500.00
6500.00
6500.00
6500.00
6500.00
6500.00
6500.00
6500.00
6500.00
6500.00
6500.00
6500.00
6500.00
6500.00
6500.00
6500.00
6500.00
6500.00
6500.00
6500.00
6500.00
6500.00
6500.00
6500.00
6500.00
6500.00
6500.00
6500.00
6500.00
6500.00
6500.00
6500.00
6500.00
6500.00
6500.00
6500.00
6500.00
6500.00
6500.00
6500.00
6500.00
6500.00
6500.00
6500.00
6500.00
6500.00
6500.00
6500.00
6500.00
6500.00
6500.00
6500.00
6500.00
6500.00
6500.00
6500.00
6500.00
6500.00
6500.00
6500.00
6500.00
6500.00
6500.00
6500.00
6500.00
6500.00
6500.00
6500.00
6500.00
6500.00
6500.00
6500.00
6500.00
6500.00
6500.00
6500.00
6500.00
6500.00
6500.00
6500.00
6500.00
6500.00
6500.00
6500.00
6500.00
6500.00
6500.00
6500.00
6500.00
6500.00
6500.00
6500.00
6500.00
6500.00
6500.00
6500.00
6500.00
6500.00
6500.00
6500.00
6500.00
6500.00
6500.00
6500.00
6500.00
6500.00
6500.00
6500.00
6500.00
6500.00
6500.00
6500.00
6500.00
6500.00
6500.00
6500.00
6500.00
6500.00
6500.00
6500.00
6500.00
6500.00
6500.00
6500.00
6500.00
6500.00
6500.00
6500.00
6500.00
6500.00
6500.00
6500.00
6500.00
6500.00
6500.00
6500.00
6500.00
6500.00
6500.00
6500.00
6500.00
6500.00
6500.00
6500.00
6500.00
6500.00
6500.00
6500.00
6500.00
6500.00
6500.00
6500.00
6500.00
6500.00
6500.00
6500.00
6500.00
6500.00
6500.00
6500.00
6500.00
6500.00
6500.00
6500.00
6500.00
6500.00
6500.00
6500.00
6500.00
6500.00
6500.00
6500.00
6500.00
6500.00
6500.00
6500.00
6500.00
6500.00
6500.00
6500.00
6500.00
6500.00
6500.00
6500.00
6500.00
6500.00
6500.00
6500.00
6500.00
6500.00
6500.00
6500.00
6500.00
6500.00
6500.00
6500.00
6500.00
6500.00
6500.00
6500.00
6500.00
6500.00
6500.00
6500.00
6500.00
6500.00
6500.00
6500.00
6500.00
6500.00
6500.00
6500.00
6500.00
6500.00
6500.00
6500.00
6500.00
6500.00
6500.00
6500.00
6500.00
6500.00
6500.00
6500.00
6500.00
6500.00
6500.00
6500.00
6500.00
6500.00
6500.00
6500.00
6500.00
6500.00
6500.00
6500.00
6500.00
6500.00
6500.00
6500.00
6500.00
6500.00
6500.00
6500.00
6500.00
6500.00
6500.00
6500.00
6500.00
6500.00
6500.00
6500.00
6500.00
6500.00
6500.00
6500.00
6500.00
6500.00
6500.00
6500.00
6500.00
6500.00
6500.00
6500.00
6500.00
6500.00
6500.00
6500.00
6500.00
6500.00
6500.00
6500.00
6500.00
6500.00
6500.00
6500.00
6500.00
6500.00
6500.00
6500.00
6500.00
6500.00
6500.00
6500.00
6500.00
6500.00
6500.00
6500.00
6500.00
6500.00
6500.00
6500.00
6500.00
6500.00
6500.00
6500.00
6500.00
6500.00
6500.00
6500.00
6500.00
6500.00
6500.00
6500.00
6500.00
6500.00
6500.00
6500.00
6500.00
6500.00
6500.00
6500.00
6500.00
6500.00
6500.00
6500.00
6500.00
6500.00
6500.00
6500.00
6500.00
6500.00
6500.00
6500.00
6500.00
6500.00
6500.00
6500.00
6500.00
6500.00
6500.00
6500.00
6500.00
6500.00
6500.00
6500.00
6500.00
6500.00
6500.00
6500.00
6500.00
6500.00
6500.00
6500.00
6500.00
6500.00
6500.00
6500.00
6500.00
6500.00
6500.00
6500.00
6500.00
6500.00
6500.00
6500.00
6500.00
6500.00
6500.00
6500.00
6500.00
6500.00
6500.00
6500.00
6500.00
6500.00
6500.00
6500.00
6500.00
6500.00
6500.00
6500.00
6500.00
6500.00
6500.00
6500.00
6500.00
6500.00
6500.00
6500.00
6500.00
6500.00
6500.00
6500.00
6500.00
6500.00
6500.00
6500.00
6500.00
6500.00
6500.00
6500.00
6500.00
6500.00
6500.00
6500.00
6500.00
6500.00
6500.00
6500.00
6500.00
6500.00
6500.00
6500.00
6500.00
6500.00
6500.00
6500.00
6500.00
6500.00
6500.00
6500.00
6500.00
6500.00
6500.00
6500.00
6500.00
6500.00
6500.00
6500.00
6500.00
6500.00
6500.00
6500.00
6500.00
6500.00
6500.00
6500.00
6500.00
6500.00
6500.00
6500.00
6500.00
6500.00
6500.00
6500.00
6500.00
6500.00
6500.00
6500.00
6500.00
6500.00
6500.00
6500.00
6500.00
6500.00
6500.00
6500.00
6500.00
6500.00
6500.00
6500.00
6500.00
6500.00
6500.00
6500.00
6500.00
6500.00
6500.00
6500.00
6500.00
6500.00
6500.00
6500.00
6500.00
6500.00
6500.00
6500.00
6500.00
6500.00
6500.00
6500.00
6500.00
6500.00
6500.00
6500.00
6500.00
6500.00
6500.00
6500.00
6500.00
6500.00
6500.00
6500.00
6500.00
6500.00
6500.00
6500.00
6500.00
6500.00
6500.00
6500.00
6500.00
6500.00
6500.00
6500.00
6500.00
6500.00
6500.00
6500.00
6500.00
6500.00
6500.00
6500.00
6500.00
6500.00
6500.00
6500.00
6500.00
6500.00
6500.00
6500.00
6500.00
6500.00
6500.00
6500.00
6500.00
6500.00
6500.00
6500.00
6500.00
6500.00
6500.00
6500.00
6500.00
6500.00
6500.00
6500.00
6500.00
6500.00
6500.00
6500.00
6500.00
6500.00
6500.00
6500.00
6500.00
6500.00
6500.00
6500.00
6500.00
6500.00
6500.00
6500.00
6500.00
6500.00
6500.00
6500.00
6500.00
6500.00
6500.00
6500.00
6500.00
6500.00
6500.00
6500.00
6500.00
6500.00
6500.00
6500.00
6500.00
6500.00
6500.00
6500.00
6500.00
6500.00
6500.00
6500.00
6500.00
6500.00
6500.00
6500.00
6500.00
6500.00
6500.00
6500.00
6500.00
6500.00
6500.00
6500.00
6500.00
6500.00
6500.00
6500.00
6500.00
6500.00
6500.00
6500.00
6500.00
6500.00
6500.00
6500.00
6500.00
6500.00
6500.00
6500.00
6500.00
6500.00
6500.00
6500.00
6500.00
6500.00
6500.00
6500.00
6500.00
6500.00
6500.00
6500.00
6500.00
6500.00
6500.00
6500.00
6500.00
6500.00
6500.00
6500.00
6500.00
6500.00
6500.00
6500.00
6500.00
6500.00
6500.00
6500.00
6500.00
6500.00
6500.00
6500.00
6500.00
6500.00
6500.00
6500.00
6500.00
6500.00
6500.00
6500.00
6500.00
6500.00
6500.00
6500.00
6500.00
6500.00
6500.00
6500.00
6500.00
6500.00
6500.00
6500.00
6500.00
6500.00
6500.00
6500.00
6500.00
6500.00
6500.00
6500.00
6500.00
6500.00
6500.00
6500.00
6500.00
6500.00
6500.00
6500.00
6500.00
6500.00
6500.00
6500.00
6500.00
6500.00
6500.00
6500.00
6500.00
6500.00
6500.00
6500.00
6500.00
6500.00
6500.00
6500.00
6500.00
6500.00
6500.00
6500.00
6500.00
6500.00
6500.00
6500.00
6500.00
6500.00
6500.00
6500.00
6500.00
6500.00
6500.00
6500.00
6500.00
6500.00
6500.00
6500.00
6500.00
6500.00
6500.00
6500.00
6500.00
6500.00
6500.00
6500.00
6500.00
6500.00
6500.00
6500.00
6500.00
6500.00
6500.00
6500.00
6500.00
6500.00
6500.00
6500.00
6500.00
6500.00
6500.00
6500.00
6500.00
6500.00
6500.00
6500.00
6500.00
6500.00
6500.00
6500.00
6500.00
6500.00
6500.00
6500.00
6500.00
6500.00
6500.00
6500.00
6500.00
6500.00
6500.00
6500.00
6500.00
6500.00
6500.00
6500.00
6500.00
6500.00
6500.00
6500.00
6500.00
6500.00
6500.00
6500.00
6500.00
6500.00
6500.00
6500.00
6500.00
6500.00
6500.00
6500.00
6500.00
6500.00
6500.00
6500.00
6500.00
6500.00
6500.00
6500.00
6500.00
6500.00
6500.00
6500.00
6500.00
6500.00
6500.00
6500.00
6500.00
6500.00
6500.00
6500.00
6500.00
6500.00
6500.00
6500.00
6500.00
6500.00
6500.00
6500.00
6500.00
6500.00
6500.00
6500.00
6500.00
6500.00
6500.00
6500.00
6500.00
6500.00
6500.00
6500.00
6500.00
6500.00
6500.00
6500.00
6500.00
6500.00
6500.00
6500.00
6500.00
6500.00
6500.00
6500.00
6500.00
6500.00
6500.00
6500.00
6500.00
6500.00
6500.00
6500.00
6500.00
6500.00
6500.00
6500.00
6500.00
6500.00
6500.00
6500.00
6500.00
6500.00
6500.00
6500.00
6500.00
6500.00
6500.00
6500.00
6500.00
6500.00
6500.00
6500.00
6500.00
6500.00
6500.00
6500.00
6500.00
6500.00
6500.00
6500.00
6500.00
6500.00
6500.00
6500.00
6500.00
6500.00
6500.00
6500.00
6500.00
6500.00
6500.00
6500.00
6500.00
6500.00
6500.00
6500.00
6500.00
6500.00
6500.00
6500.00
6500.00
6500.00
6500.00
6500.00
6500.00
6500.00
6500.00
6500.00
6500.00
6500.00
6500.00
6500.00
6500.00
6500.00
6500.00
6500.00
6500.00
6500.00
6500.00
6500.00
6500.00
6500.00
6500.00
6500.00
6500.00
6500.00
6500.00
6500.00
6500.00
6500.00
6500.00
6500.00
6500.00
6500.00
6500.00
6500.00
6500.00
6500.00
6500.00
6500.00
6500.00
6500.00
6500.00
6500.00
6500.00
6500.00
6500.00
6500.00
6500.00
6500.00
6500.00
6500.00
6500.00
6500.00
6500.00
6500.00
6500.00
6500.00
6500.00
6500.00
6500.00
6500.00
6500.00
6500.00
6500.00
6500.00
6500.00
6500.00
6500.00
6500.00
6500.00
6500.00
6500.00
6500.00
6500.00
6500.00
6500.00
6500.00
6500.00
6500.00
6500.00
6500.00
6500.00
6500.00
6500.00
6500.00
6500.00
6500.00
6500.00
6500.00
6500.00
6500.00
6500.00
6500.00
6500.00
6500.00
6500.00
6500.00
6500.00
6500.00
6500.00
6500.00
6500.00
6500.00
6500.00
6500.00
6500.00
6500.00
6500.00
6500.00
6500.00
6500.00
6500.00
6500.00
6500.00
6500.00
6500.00
6500.00
6500.00
6500.00
6500.00
6500.00
6500.00
6500.00
6500.00
6500.00
6500.00
6500.00
6500.00
6500.00
6500.00
6500.00
6500.00
6500.00
6500.00
6500.00
6500.00
6500.00
6500.00
6500.00
6500.00
6500.00
6500.00
6500.00
6500.00
6500.00
6500.00
6500.00
6500.00
6500.00
6500.00
6500.00
6500.00
6500.00
6500.00
6500.00
6500.00
6500.00
6500.00
6500.00
6500.00
6500.00
6500.00
6500.00
6500.00
6500.00
6500.00
6500.00
6500.00
6500.00
6500.00
6500.00
6500.00
6500.00
6500.00
6500.00
6500.00
6500.00
6500.00
6500.00
6500.00
6500.00
6500.00
6500.00
6500.00
6500.00
6500.00
6500.00
6500.00
6500.00
6500.00
6500.00
6500.00
6500.00
6500.00
6500.00
6500.00
6500.00
6500.00
6500.00
6500.00
6500.00
6500.00
6500.00
6500.00
6500.00
6500.00
6500.00
6500.00
6500.00
6500.00
6500.00
6500.00
6500.00
6500.00
6500.00
6500.00
6500.00
6500.00
6500.00
6500.00
6500.00
6500.00
6500.00
6500.00
6500.00
6500.00
6500.00
6500.00
6500.00
6500.00
6500.00
6500.00
6500.00
6500.00
6500.00
6500.00
6500.00
6500.00
6500.00
6500.00
6500.00
6500.00
6500.00
6500.00
6500.00
6500.00
6500.00
6500.00
6500.00
6500.00
6500.00
6500.00
6500.00
6500.00
6500.00
6500.00
6500.00
6500.00
6500.00
6500.00
6500.00
6500.00
6500.00
6500.00
6500.00
6500.00
6500.00
6500.00
6500.00
6500.00
6500.00
6500.00
6500.00
6500.00
6500.00
6500.00
6500.00
6500.00
6500.00
6500.00
6500.00
6500.00
6500.00
6500.00
6500.00
6500.00
6500.00
6500.00
6500.00
6500.00
6500.00
6500.00
6500.00
6500.00
6500.00
6500.00
6500.00
6500.00
6500.00
6500.00
6500.00
6500.00
6500.00
6500.00
6500.00
6500.00
6500.00
6500.00
6500.00
6500.00
6500.00
6500.00
6500.00
6500.00
6500.00
6500.00
6500.00
6500.00
6500.00
6500.00
6500.00
6500.00
6500.00
6500.00
6500.00
6500.00
6500.00
6500.00
6500.00
6500.00
6500.00
6500.00
6500.00
6500.00
6500.00
6500.00
6500.00
6500.00
6500.00
6500.00
6500.00
6500.00
6500.00
6500.00
6500.00
6500.00
6500.00
6500.00
6500.00
6500.00
6500.00
6500.00
6500.00
6500.00
6500.00
6500.00
6500.00
6500.00
6500.00
6500.00
6500.00
6500.00
6500.00
6500.00
6500.00
6500.00
6500.00
6500.00
6500.00
6500.00
6500.00
6500.00
6500.00
6500.00
6500.00
6500.00
6500.00
6500.00
6500.00
6500.00
6500.00
6500.00
6500.00
6500.00
6500.00
6500.00
6500.00
6500.00
6500.00
6500.00
6500.00
6500.00
6500.00
6500.00
6500.00
6500.00
6500.00
6500.00
6500.00
6500.00
6500.00
6500.00
6500.00
6500.00
6500.00
6500.00
6500.00
6500.00
6500.00
6500.00
6500.00
6500.00
6500.00
6500.00
6500.00
6500.00
6500.00
6500.00
6500.00
6500.00
6500.00
6500.00
6500.00
6500.00
6500.00
6500.00
6500.00
6500.00
6500.00
6500.00
6500.00
6500.00
6500.00
6500.00
6500.00
6500.00
6500.00
6500.00
6500.00
6500.00
6500.00
6500.00
6500.00
6500.00
6500.00
6500.00
6500.00
6500.00
6500.00
6500.00
6500.00
6500.00
6500.00
6500.00
6500.00
6500.00
6500.00
6500.00
6500.00
6500.00
6500.00
6500.00
6500.00
6500.00
6500.00
6500.00
6500.00
6500.00
6500.00
6500.00
6500.00
6500.00
6500.00
6500.00
6500.00
6500.00
6500.00
6500.00
6500.00
6500.00
6500.00
6500.00
6500.00
6500.00
6500.00
6500.00
6500.00
6500.00
6500.00
6500.00
6500.00
6500.00
6500.00
6500.00
6500.00
6500.00
6500.00
6500.00
6500.00
6500.00
6500.00
6500.00
6500.00
6500.00
6500.00
6500.00
6500.00
6500.00
6500.00
6500.00
6500.00
6500.00
6500.00
6500.00
6500.00
6500.00
6500.00
6500.00
6500.00
6500.00
6500.00
6500.00
6500.00
6500.00
6500.00
6500.00
6500.00
6500.00
6500.00
6500.00
6500.00
6500.00
6500.00
6500.00
6500.00
6500.00
6500.00
6500.00
6500.00
6500.00
6500.00
6500.00
6500.00
6500.00
6500.00
6500.00
6500.00
6500.00
6500.00
6500.00
6500.00
6500.00
6500.00
6500.00
6500.00
6500.00
6500.00
6500.00
6500.00
6500.00
6500.00
6500.00
6500.00
6500.00
6500.00
6500.00
6500.00
6500.00
6500.00
6500.00
6500.00
6500.00
6500.00
6500.00
6500.00
6500.00
6500.00
6500.00
6500.00
6500.00
6500.00
6500.00
6500.00
6500.00
6500.00
6500.00
6500.00
6500.00
6500.00
6500.00
6500.00
6500.00
6500.00
6500.00
6500.00
6500.00
6500.00
6500.00
6500.00
6500.00
6500.00
6500.00
6500.00
6500.00
6500.00
6500.00
6500.00
6500.00
6500.00
6500.00
6500.00
6500.00
6500.00
6500.00
6500.00
6500.00
6500.00
6500.00
6500.00
6500.00
6500.00
6500.00
6500.00
6500.00
6500.00
6500.00
6500.00
6500.00
6500.00
6500.00
6500.00
6500.00
6500.00
6500.00
6500.00
6500.00
6500.00
6500.00
6500.00
6500.00
6500.00
6500.00
6500.00
6500.00
6500.00
6500.00
6500.00
6500.00
6500.00
6500.00
6500.00
6500.00
6500.00
6500.00
6500.00
6500.00
6500.00
6500.00
6500.00
6500.00
6500.00
6500.00
6500.00
6500.00
6500.00
6500.00
6500.00
6500.00
6500.00
6500.00
6500.00
6500.00
6500.00
6500.00
6500.00
6500.00
6500.00
6500.00
6500.00
6500.00
6500.00
6500.00
6500.00
6500.00
6500.00
6500.00
6500.00
6500.00
6500.00
6500.00
6500.00
6500.00
6500.00
6500.00
6500.00
6500.00
6500.00
6500.00
6500.00
6500.00
6500.00
6500.00
6500.00
6500.00
6500.00
6500.00
6500.00
6500.00
6500.00
6500.00
6500.00
6500.00
6500.00
6500.00
6500.00
6500.00
6500.00
6500.00
6500.00
6500.00
6500.00
6500.00
6500.00
6500.00
6500.00
6500.00
6500.00
6500.00
6500.00
6500.00
6500.00
6500.00
6500.00
6500.00
6500.00
6500.00
6500.00
6500.00
6500.00
6500.00
6500.00
6500.00
6500.00
6500.00
6500.00
6500.00
6500.00
6500.00
6500.00
6500.00
6500.00
6500.00
6500.00
6500.00
6500.00
6500.00
6500.00
6500.00
6500.00
6500.00
6500.00
6500.00
6500.00
6500.00
6500.00
6500.00
6500.00
6500.00
6500.00
6500.00
6500.00
6500.00
6500.00
6500.00
6500.00
6500.00
6500.00
6500.00
6500.00
6500.00
6500.00
6500.00
6500.00
6500.00
6500.00
6500.00
6500.00
6500.00
6500.00
6500.00
6500.00
6500.00
6500.00
6500.00
6500.00
6500.00
6500.00
6500.00
6500.00
6500.00
6500.00
6500.00
6500.00
6500.00
6500.00
6500.00
6500.00
6500.00
6500.00
6500.00
6500.00
6500.00
6500.00
6500.00
6500.00
6500.00
6500.00
6500.00
6500.00
6500.00
6500.00
6500.00
6500.00
6500.00
6500.00
6500.00
6500.00
6500.00
6500.00
6500.00
6500.00
6500.00
6500.00
6500.00
6500.00
6500.00
6500.00
6500.00
6500.00
6500.00
6500.00
6500.00
6500.00
6500.00
6500.00
6500.00
6500.00
6500.00
6500.00
6500.00
6500.00
6500.00
6500.00
6500.00
6500.00
6500.00
6500.00
6500.00
6500.00
6500.00
6500.00
6500.00
6500.00
6500.00
6500.00
6500.00
6500.00
6500.00
6500.00
6500.00
6500.00
6500.00
6500.00
6500.00
6500.00
6500.00
6500.00
6500.00
6500.00
6500.00
6500.00
6500.00
6500.00
6500.00
6500.00
6500.00
6500.00
6500.00
6500.00
6500.00
6500.00
6500.00
6500.00
6500.00
6500.00
6500.00
6500.00
6500.00
6500.00
6500.00
6500.00
6500.00
6500.00
6500.00
6500.00
6500.00
6500.00
6500.00
6500.00
6500.00
6500.00
6500.00
6500.00
6500.00
6500.00
6500.00
6500.00
6500.00
6500.00
6500.00
6500.00
6500.00
6500.00
6500.00
6500.00
6500.00
6500.00
6500.00
6500.00
6500.00
6500.00
6500.00
6500.00
6500.00
6500.00
6500.00
6500.00
6500.00
6500.00
6500.00
6500.00
6500.00
6500.00
6500.00
6500.00
6500.00
6500.00
6500.00
6500.00
6500.00
6500.00
6500.00
6500.00
6500.00
6500.00
6500.00
6500.00
6500.00
6500.00
6500.00
6500.00
6500.00
6500.00
6500.00
6500.00
6500.00
6500.00
6500.00
6500.00
6500.00
6500.00
6500.00
6500.00
6500.00
6500.00
6500.00
6500.00
6500.00
6500.00
6500.00
6500.00
6500.00
6500.00
6500.00
6500.00
6500.00
6500.00
6500.00
6500.00
6500.00
6500.00
6500.00
6500.00
6500.00
6500.00
6500.00
6500.00
6500.00
6500.00
6500.00
6500.00
6500.00
6500.00
6500.00
6500.00
6500.00
6500.00
6500.00
6500.00
6500.00
6500.00
6500.00
6500.00
6500.00
6500.00
6500.00
6500.00
6500.00
6500.00
6500.00
6500.00
6500.00
6500.00
6500.00
6500.00
6500.00
6500.00
6500.00
6500.00
6500.00
6500.00
6500.00
6500.00
6500.00
6500.00
6500.00
6500.00
6500.00
6500.00
