5799.00
5594.00
5531.00
5580.00
5653.00
5736.00
5818.00
5856.00
5892.00
5924.00
5952.00
5978.00
6002.00
6024.00
6041.00
6056.00
6068.00
6078.00
6085.00
6092.00
6096.00
6100.00
6103.00
6105.00
6106.00
6106.00
6105.00
6102.00
6098.00
6092.00
6085.00
6077.00
6069.00
6062.00
6054.00
6046.00
6038.00
6030.00
6021.00
6012.00
6003.00
5994.00
5985.00
5975.00
5963.00
5951.00
5936.00
5919.00
5900.00
5883.00
5866.00
5843.00
5816.00
5787.00
5755.00
5722.00
5688.00
5654.00
5619.00
5585.00
5550.00
5515.00
5499.00
5496.00
5494.00
5493.00
5491.00
5489.00
5488.00
5486.00
5485.00
5484.00
5482.00
5481.00
5480.00
5479.00
5478.00
5477.00
5476.00
5475.00
5474.00
5474.00
5473.00
5472.00
5472.00
5471.00
5471.00
5470.00
5469.00
5469.00
5468.00
5468.00
5467.00
5467.00
5466.00
5466.00
5466.00
5465.00
5465.00
5465.00
5465.00
5465.00
5464.00
5464.00
5464.00
5464.00
5464.00
5463.00
5463.00
5463.00
5463.00
5463.00
5462.00
5462.00
5462.00
5462.00
5462.00
5462.00
5461.00
5461.00
5461.00
5461.00
5461.00
5461.00
5460.00
5460.00
5460.00
5460.00
5460.00
5460.00
5460.00
5459.00
5459.00
5459.00
5459.00
5459.00
5459.00
5459.00
5458.00
5458.00
5458.00
5458.00
5458.00
5458.00
5458.00
5457.00
5457.00
5457.00
5457.00
5457.00
5457.00
5457.00
5457.00
5456.00
5456.00
5456.00
5456.00
5456.00
5456.00
5456.00
5456.00
5455.00
5455.00
5455.00
5455.00
5455.00
5455.00
5455.00
5455.00
5454.00
5454.00
5454.00
5454.00
5454.00
5454.00
5454.00
5454.00
5453.00
5453.00
5453.00
5453.00
5453.00
5453.00
5453.00
5453.00
5452.00
5452.00
5452.00
5452.00
5452.00
5452.00
5452.00
5452.00
5451.00
5451.00
5451.00
5451.00
5451.00
5451.00
5451.00
5451.00
5450.00
5450.00
5450.00
5450.00
5450.00
5450.00
5450.00
5450.00
5449.00
5449.00
5449.00
5449.00
5449.00
5449.00
5449.00
5449.00
5448.00
5448.00
5448.00
5448.00
5448.00
5448.00
5448.00
5447.00
5447.00
5447.00
5447.00
5447.00
5447.00
5447.00
5446.00
5446.00
5446.00
5446.00
5446.00
5446.00
5446.00
5445.00
5445.00
5445.00
5445.00
5445.00
5445.00
5445.00
5444.00
5444.00
5444.00
5444.00
5444.00
5444.00
5444.00
5443.00
5443.00
5443.00
5443.00
5443.00
5443.00
5442.00
5442.00
5442.00
5442.00
5442.00
5441.00
5441.00
5441.00
5441.00
5441.00
5441.00
5440.00
5440.00
5440.00
5440.00
5439.00
5439.00
5439.00
5439.00
5438.00
5438.00
5438.00
5438.00
5437.00
5437.00
5437.00
5437.00
5436.00
5436.00
5436.00
5436.00
5436.00
5435.00
5435.00
5435.00
5435.00
5434.00
5434.00
5434.00
5434.00
5433.00
5433.00
5433.00
5433.00
5432.00
5432.00
5432.00
5432.00
5431.00
5431.00
5431.00
5431.00
5430.00
5430.00
5430.00
5429.00
5429.00
5429.00
5429.00
5428.00
5428.00
5428.00
5428.00
5428.00
5428.00
5427.00
5427.00
5427.00
5427.00
5427.00
5426.00
5426.00
5426.00
5426.00
5426.00
5425.00
5425.00
5425.00
5425.00
5424.00
5424.00
5424.00
5424.00
5423.00
5423.00
5423.00
5422.00
5422.00
5422.00
5422.00
5421.00
5421.00
5421.00
5421.00
5420.00
5420.00
5420.00
5419.00
5419.00
5419.00
5419.00
5418.00
5418.00
5418.00
5418.00
5417.00
5417.00
5417.00
5417.00
5416.00
5416.00
5416.00
5416.00
5415.00
5415.00
5415.00
5415.00
5414.00
5414.00
5414.00
5414.00
5414.00
5414.00
5414.00
5414.00
5413.00
5413.00
5413.00
5412.00
5411.00
5410.00
5409.00
5407.00
5406.00
5403.00
5401.00
5398.00
5395.00
5390.00
5382.00
5371.00
5358.00
5348.00
5338.00
5329.00
5322.00
5317.00
5313.00
5312.00
5312.00
5314.00
5318.00
5323.00
5328.00
5335.00
5342.00
5349.00
5355.00
5364.00
5374.00
5382.00
5391.00
5398.00
5406.00
5414.00
5419.00
5424.00
5427.00
5431.00
5432.00
5433.00
5433.00
5434.00
5434.00
5434.00
5434.00
5433.00
5433.00
5433.00
5433.00
5433.00
5432.00
5432.00
5432.00
5432.00
5432.00
5431.00
5431.00
5431.00
5431.00
5430.00
5430.00
5430.00
5429.00
5429.00
5429.00
5429.00
5428.00
5428.00
5428.00
5428.00
5427.00
5427.00
5427.00
5427.00
5426.00
5426.00
5426.00
5426.00
5426.00
5426.00
5425.00
5425.00
5424.00
5422.00
5421.00
5419.00
5416.00
5414.00
5411.00
5407.00
5402.00
5397.00
5391.00
5384.00
5375.00
5364.00
5349.00
5332.00
5299.00
5278.00
5259.00
5246.00
5237.00
5231.00
5227.00
5226.00
5225.00
5224.00
5223.00
5220.00
5216.00
5211.00
5205.00
5197.00
5188.00
5178.00
5168.00
5158.00
5149.00
5139.00
5131.00
5124.00
5118.00
5113.00
5110.00
5108.00
5106.00
5106.00
5106.00
5107.00
5108.00
5110.00
5112.00
5114.00
5116.00
5119.00
5122.00
5126.00
5128.00
5129.00
5132.00
5142.00
5159.00
5179.00
5202.00
5224.00
5246.00
5266.00
5285.00
5302.00
5317.00
5331.00
5344.00
5355.00
5366.00
5375.00
5385.00
5392.00
5398.00
5403.00
5409.00
5414.00
5418.00
5422.00
5424.00
5427.00
5429.00
5431.00
5432.00
5433.00
5433.00
5434.00
5434.00
5434.00
5434.00
5434.00
5434.00
5434.00
5434.00
5434.00
5433.00
5433.00
5432.00
5432.00
5431.00
5430.00
5429.00
5428.00
5427.00
5426.00
5425.00
5423.00
5419.00
5415.00
5409.00
5404.00
5399.00
5395.00
5392.00
5389.00
5388.00
5387.00
5386.00
5386.00
5387.00
5389.00
5391.00
5393.00
5396.00
5399.00
5404.00
5409.00
5414.00
5419.00
5423.00
5428.00
5432.00
5436.00
5439.00
5440.00
5442.00
5442.00
5443.00
5443.00
5443.00
5443.00
5443.00
5442.00
5442.00
5442.00
5442.00
5442.00
5441.00
5441.00
5441.00
5440.00
5440.00
5440.00
5440.00
5440.00
5439.00
5439.00
5439.00
5439.00
5438.00
5438.00
5438.00
5438.00
5437.00
5437.00
5437.00
5437.00
5437.00
5436.00
5436.00
5436.00
5436.00
5435.00
5435.00
5435.00
5435.00
5434.00
5434.00
5434.00
5434.00
5433.00
5433.00
5433.00
5433.00
5432.00
5432.00
5432.00
5432.00
5431.00
5431.00
5431.00
5431.00
5430.00
5430.00
5430.00
5430.00
5429.00
5429.00
5429.00
5429.00
5428.00
5428.00
5428.00
5428.00
5428.00
5427.00
5427.00
5427.00
5427.00
5427.00
5426.00
5426.00
5426.00
5426.00
5426.00
5425.00
5425.00
5425.00
5425.00
5424.00
5424.00
5424.00
5424.00
5425.00
5427.00
5431.00
5435.00
5439.00
5445.00
5450.00
5457.00
5466.00
5479.00
5495.00
5647.00
5810.00
5935.00
6032.00
6106.00
6174.00
6234.00
6256.00
6275.00
6292.00
6307.00
6319.00
6327.00
6336.00
6341.00
6346.00
6349.00
6352.00
6354.00
6355.00
6357.00
6358.00
6359.00
6360.00
6360.00
6361.00
6361.00
6361.00
6362.00
6362.00
6361.00
6361.00
6361.00
6361.00
6361.00
6360.00
6360.00
6359.00
6359.00
6358.00
6358.00
6357.00
6356.00
6356.00
6355.00
6354.00
6354.00
6353.00
6352.00
6351.00
6350.00
6349.00
6348.00
6347.00
6346.00
6345.00
6344.00
6342.00
6341.00
6340.00
6338.00
6337.00
6335.00
6334.00
6332.00
6330.00
6329.00
6328.00
6327.00
6326.00
6323.00
6317.00
6309.00
6296.00
6276.00
6243.00
6187.00
6083.00
5866.00
5490.00
5461.00
5455.00
5452.00
5450.00
5448.00
5445.00
5444.00
5442.00
5440.00
5439.00
5436.00
5432.00
5427.00
5417.00
5406.00
5393.00
5380.00
5368.00
5356.00
5345.00
5336.00
5327.00
5320.00
5313.00
5308.00
5303.00
5300.00
5297.00
5294.00
5291.00
5288.00
5286.00
5284.00
5282.00
5280.00
5278.00
5276.00
5275.00
5274.00
5272.00
5272.00
5271.00
5271.00
5271.00
5272.00
5273.00
5274.00
5276.00
5278.00
5280.00
5281.00
5282.00
5283.00
5284.00
5286.00
5287.00
5289.00
5290.00
5292.00
5293.00
5295.00
5297.00
5298.00
5300.00
5302.00
5304.00
5306.00
5308.00
5310.00
5312.00
5314.00
5316.00
5318.00
5319.00
5321.00
5323.00
5325.00
5327.00
5329.00
5331.00
5332.00
5334.00
5335.00
5337.00
5338.00
5340.00
5341.00
5343.00
5344.00
5345.00
5347.00
5348.00
5349.00
5350.00
5352.00
5353.00
5354.00
5355.00
5356.00
5358.00
5359.00
5360.00
5361.00
5362.00
5363.00
5364.00
5365.00
5366.00
5367.00
5368.00
5369.00
5370.00
5371.00
5371.00
5372.00
5373.00
5374.00
5375.00
5376.00
