5377.00
5380.00
5380.00
5378.00
5375.00
5372.00
5370.00
5367.00
5363.00
5358.00
5353.00
5346.00
5339.00
5331.00
5322.00
5312.00
5302.00
5292.00
5281.00
5272.00
5262.00
5253.00
5245.00
5238.00
5232.00
5228.00
5224.00
5220.00
5217.00
5214.00
5211.00
5209.00
5207.00
5206.00
5205.00
5206.00
5206.00
5208.00
5210.00
5213.00
5216.00
5219.00
5222.00
5225.00
5228.00
5232.00
5235.00
5239.00
5242.00
5246.00
5250.00
5254.00
5259.00
5263.00
5267.00
5271.00
5275.00
5279.00
5283.00
5288.00
5292.00
5297.00
5301.00
5306.00
5310.00
5314.00
5318.00
5322.00
5326.00
5329.00
5333.00
5336.00
5340.00
5343.00
5347.00
5350.00
5353.00
5356.00
5359.00
5362.00
5364.00
5367.00
5369.00
5372.00
5374.00
5376.00
5379.00
5381.00
5383.00
5385.00
5387.00
5389.00
5390.00
5392.00
5394.00
5395.00
5397.00
5399.00
5400.00
5401.00
5403.00
5404.00
5405.00
5407.00
5408.00
5409.00
5410.00
5411.00
5412.00
5413.00
5415.00
5415.00
5416.00
5417.00
5418.00
5419.00
5420.00
5421.00
5422.00
5422.00
5423.00
5424.00
5425.00
5425.00
5426.00
5427.00
5427.00
5428.00
5429.00
5429.00
5430.00
5430.00
5431.00
5431.00
5432.00
5433.00
5433.00
5434.00
5434.00
5434.00
5435.00
5435.00
5436.00
5436.00
5437.00
5437.00
5438.00
5438.00
5438.00
5439.00
5439.00
5440.00
5440.00
5440.00
5441.00
5441.00
5441.00
5442.00
5442.00
5442.00
5442.00
5443.00
5443.00
5443.00
5444.00
5444.00
5444.00
5444.00
5445.00
5445.00
5445.00
5446.00
5446.00
5446.00
5447.00
5447.00
5447.00
5447.00
5448.00
5448.00
5448.00
5448.00
5449.00
5449.00
5449.00
5449.00
5450.00
5450.00
5450.00
5450.00
5450.00
5450.00
5450.00
5450.00
5450.00
5451.00
5451.00
5451.00
5451.00
5451.00
5451.00
5451.00
5452.00
5452.00
5452.00
5452.00
5453.00
5453.00
5453.00
5453.00
5453.00
5453.00
5453.00
5453.00
5453.00
5453.00
5453.00
5453.00
5453.00
5453.00
5454.00
5454.00
5454.00
5454.00
5454.00
5454.00
5454.00
5455.00
5455.00
5455.00
5455.00
5456.00
5456.00
5456.00
5457.00
5457.00
5457.00
5458.00
5458.00
5458.00
5458.00
5459.00
5459.00
5459.00
5460.00
5460.00
5460.00
5460.00
5461.00
5461.00
5461.00
5462.00
5462.00
5462.00
5462.00
5463.00
5463.00
5463.00
5464.00
5464.00
5464.00
5465.00
5465.00
5465.00
5466.00
5466.00
5466.00
5467.00
5467.00
5468.00
5468.00
5468.00
5469.00
5469.00
5470.00
5470.00
5471.00
5471.00
5472.00
5472.00
5473.00
5473.00
5473.00
5474.00
5474.00
5474.00
5475.00
5475.00
5475.00
5476.00
5476.00
5476.00
5477.00
5477.00
5477.00
5478.00
5478.00
5478.00
5479.00
5479.00
5480.00
5480.00
5480.00
5481.00
5481.00
5482.00
5482.00
5483.00
5483.00
5483.00
5484.00
5484.00
5485.00
5485.00
5486.00
5487.00
5488.00
5489.00
5490.00
5491.00
5492.00
5493.00
5494.00
5495.00
5496.00
5497.00
5498.00
5499.00
5504.00
5520.00
5536.00
5552.00
5569.00
5588.00
5607.00
5627.00
5647.00
5667.00
5686.00
5705.00
5724.00
5742.00
5759.00
5777.00
5793.00
5803.00
5810.00
5813.00
5816.00
5817.00
5816.00
5812.00
5805.00
5794.00
5780.00
5761.00
5738.00
5711.00
5671.00
5616.00
5548.00
5498.00
5493.00
5488.00
5484.00
5482.00
5480.00
5478.00
5477.00
5476.00
5475.00
5474.00
5474.00
5473.00
5472.00
5472.00
5472.00
5471.00
5471.00
5471.00
5471.00
5470.00
5470.00
5470.00
5470.00
5470.00
5470.00
5470.00
5470.00
5470.00
5471.00
5471.00
5471.00
5472.00
5472.00
5472.00
5473.00
5473.00
5473.00
5474.00
5474.00
5475.00
5475.00
5476.00
5476.00
5477.00
5478.00
5478.00
5479.00
5480.00
5481.00
5482.00
5484.00
5485.00
5486.00
5488.00
5490.00
5492.00
5495.00
5498.00
5520.00
5561.00
5598.00
5637.00
5677.00
5712.00
5748.00
5784.00
5819.00
5850.00
5880.00
5910.00
5938.00
5964.00
5988.00
6011.00
6033.00
6053.00
6072.00
6090.00
6107.00
6123.00
6134.00
6143.00
6152.00
6161.00
6169.00
6176.00
6183.00
6190.00
6196.00
6202.00
6208.00
6213.00
6219.00
6224.00
6229.00
6234.00
6238.00
6242.00
6247.00
6251.00
6255.00
6258.00
6262.00
6265.00
6269.00
6272.00
6276.00
6280.00
6284.00
6286.00
6288.00
6291.00
6294.00
6297.00
6299.00
6302.00
6304.00
6307.00
6309.00
6312.00
6315.00
6318.00
6320.00
6323.00
6325.00
6328.00
6330.00
6332.00
6334.00
6336.00
6338.00
6339.00
6341.00
6342.00
6343.00
6344.00
6345.00
6345.00
6346.00
6347.00
6347.00
6348.00
6349.00
6349.00
6350.00
6350.00
6351.00
6352.00
6352.00
6353.00
6353.00
6354.00
6354.00
6355.00
6355.00
6356.00
6356.00
6357.00
6357.00
6357.00
6358.00
6358.00
6359.00
6359.00
6359.00
6360.00
6360.00
6361.00
6361.00
6361.00
6362.00
6362.00
6362.00
6363.00
6363.00
6364.00
6364.00
6364.00
6365.00
6365.00
6365.00
6366.00
6366.00
6366.00
6366.00
6367.00
6367.00
6367.00
6368.00
6368.00
6368.00
6369.00
6369.00
6369.00
6370.00
6370.00
6370.00
6370.00
6371.00
6371.00
6371.00
6372.00
6372.00
6372.00
6372.00
6373.00
6373.00
6373.00
6374.00
6374.00
6374.00
6375.00
6375.00
6375.00
6375.00
6376.00
6376.00
6376.00
6376.00
6377.00
6377.00
6377.00
6377.00
6377.00
6378.00
6378.00
6378.00
6378.00
6378.00
6379.00
6379.00
6379.00
6379.00
6380.00
6380.00
6380.00
6380.00
6381.00
6381.00
6381.00
6382.00
6382.00
6383.00
6383.00
6384.00
6385.00
6386.00
6387.00
6389.00
6392.00
6395.00
6399.00
6402.00
6405.00
6409.00
6412.00
6415.00
6419.00
6422.00
6426.00
6430.00
6433.00
6437.00
6440.00
6444.00
6448.00
6452.00
6456.00
6460.00
6464.00
6468.00
6471.00
6477.00
6483.00
6490.00
6498.00
6500.00
6500.00
6500.00
6500.00
6500.00
6500.00
6500.00
6500.00
6500.00
6500.00
6500.00
6500.00
6500.00
6500.00
6500.00
6500.00
6500.00
6500.00
6500.00
6500.00
6500.00
6500.00
6500.00
6500.00
6500.00
6500.00
6500.00
6500.00
6500.00
6500.00
6500.00
6500.00
6500.00
6500.00
6500.00
6500.00
6500.00
6500.00
6500.00
6500.00
6500.00
6500.00
6500.00
6500.00
6500.00
6500.00
6500.00
6500.00
6500.00
6500.00
6500.00
6500.00
6500.00
6500.00
6500.00
6500.00
6500.00
6500.00
6500.00
6500.00
6500.00
6500.00
6500.00
6500.00
6500.00
6500.00
6500.00
6500.00
6500.00
6500.00
6500.00
6500.00
6500.00
6500.00
6500.00
6500.00
6500.00
6500.00
6500.00
6500.00
6500.00
6500.00
6500.00
6500.00
6500.00
6500.00
6500.00
6500.00
6500.00
6500.00
6500.00
6500.00
6500.00
6500.00
6500.00
6500.00
6500.00
6500.00
6500.00
6500.00
6500.00
6500.00
6500.00
6500.00
6500.00
6500.00
6500.00
6500.00
6500.00
6500.00
6500.00
6500.00
6500.00
6500.00
6500.00
6500.00
6484.00
6414.00
6405.00
6399.00
6396.00
6393.00
6391.00
6389.00
6387.00
6386.00
6385.00
6384.00
6383.00
6382.00
6382.00
6381.00
6380.00
6379.00
6377.00
6376.00
6375.00
6374.00
6373.00
6371.00
6368.00
6366.00
6362.00
6359.00
6355.00
6351.00
6346.00
6340.00
6335.00
6329.00
6323.00
6316.00
6309.00
6302.00
6295.00
6286.00
6276.00
6265.00
6253.00
6239.00
6225.00
6209.00
6191.00
6172.00
6151.00
6129.00
6106.00
6081.00
6052.00
6020.00
5985.00
5946.00
5901.00
5850.00
5789.00
5721.00
5645.00
5562.00
5498.00
5492.00
5487.00
5482.00
5480.00
5478.00
5476.00
5475.00
5473.00
5472.00
5471.00
5469.00
5468.00
5466.00
5464.00
5462.00
5461.00
5459.00
5459.00
5458.00
5457.00
5457.00
5456.00
5456.00
5455.00
5455.00
5455.00
5454.00
5454.00
5454.00
5454.00
5454.00
5453.00
5453.00
5453.00
5453.00
5452.00
5452.00
5452.00
5451.00
5451.00
5451.00
5451.00
5450.00
5450.00
5450.00
5450.00
5450.00
5449.00
5449.00
5449.00
5449.00
5449.00
5448.00
5448.00
5448.00
5448.00
5447.00
5447.00
5447.00
5447.00
5447.00
5446.00
5446.00
5446.00
5446.00
5445.00
5445.00
5445.00
5445.00
5445.00
5444.00
5444.00
5444.00
5444.00
5443.00
5443.00
5443.00
5442.00
5442.00
5442.00
5442.00
5441.00
5441.00
5441.00
5440.00
5440.00
5440.00
5440.00
5439.00
5439.00
5439.00
5438.00
5438.00
5438.00
5437.00
5437.00
5437.00
5436.00
5436.00
5436.00
5435.00
5435.00
5434.00
5434.00
5434.00
5433.00
5433.00
5432.00
5432.00
5432.00
5431.00
5431.00
5430.00
5430.00
5429.00
5429.00
5428.00
5428.00
5427.00
5427.00
5426.00
5425.00
5425.00
5424.00
5424.00
5423.00
5422.00
5422.00
5421.00
5420.00
5420.00
5419.00
5418.00
5417.00
5417.00
5416.00
5415.00
5414.00
5413.00
5412.00
5411.00
5410.00
5409.00
5408.00
5407.00
5406.00
5405.00
5404.00
5403.00
5402.00
5400.00
5399.00
5398.00
5397.00
5396.00
5395.00
5394.00
5394.00
5393.00
5392.00
5391.00
5390.00
5389.00
5388.00
5387.00
5386.00
5385.00
5384.00
5383.00
5382.00
5380.00
5378.00
5376.00
5373.00
5370.00
5367.00
5364.00
5360.00
5357.00
5353.00
5350.00
5346.00
5342.00
5338.00
5334.00
5330.00
5325.00
5321.00
5316.00
5312.00
5307.00
5303.00
5299.00
5295.00
5290.00
5286.00
5282.00
5277.00
5273.00
5268.00
5264.00
5259.00
5255.00
5250.00
5245.00
5239.00
5232.00
5225.00
5219.00
5212.00
5206.00
5199.00
5194.00
5188.00
5182.00
5176.00
5169.00
5163.00
5157.00
5150.00
5143.00
5136.00
5129.00
5121.00
5114.00
5106.00
5098.00
5090.00
5081.00
5072.00
5063.00
5054.00
5045.00
5035.00
5025.00
5014.00
5004.00
4999.00
4998.00
4997.00
4995.00
4994.00
4993.00
4992.00
4990.00
4989.00
4988.00
4987.00
4986.00
4985.00
4984.00
4984.00
4983.00
4983.00
4982.00
4982.00
4981.00
4981.00
4980.00
4980.00
4979.00
4979.00
4978.00
4978.00
4978.00
4977.00
4977.00
4976.00
4976.00
4976.00
4975.00
4975.00
4975.00
4974.00
4974.00
4974.00
4974.00
4973.00
4973.00
4973.00
4972.00
4972.00
4972.00
4972.00
4972.00
4971.00
4971.00
4971.00
4971.00
4970.00
4970.00
4970.00
4970.00
4970.00
4970.00
4969.00
4969.00
4969.00
4969.00
4969.00
4969.00
4968.00
4968.00
4968.00
4968.00
4968.00
4968.00
4968.00
4967.00
4967.00
4967.00
4967.00
4967.00
4967.00
4967.00
4966.00
4966.00
4966.00
4966.00
4966.00
4966.00
4966.00
4966.00
4966.00
4965.00
4965.00
4965.00
4965.00
4965.00
4965.00
4965.00
4965.00
4965.00
4964.00
4964.00
4964.00
4964.00
4964.00
4964.00
4964.00
4964.00
4964.00
4964.00
4963.00
4963.00
4963.00
4963.00
4963.00
4963.00
4963.00
4963.00
4963.00
4963.00
4963.00
4963.00
4962.00
4962.00
4962.00
4962.00
4962.00
4962.00
4962.00
4962.00
4962.00
4962.00
4962.00
4962.00
4962.00
4961.00
4961.00
4961.00
4961.00
4961.00
4961.00
4961.00
4961.00
4961.00
4961.00
4961.00
4961.00
4961.00
4961.00
4960.00
4960.00
4960.00
4960.00
4960.00
4960.00
4960.00
4960.00
4960.00
4960.00
4960.00
4960.00
4960.00
4960.00
4960.00
4959.00
4959.00
4959.00
4959.00
4959.00
4959.00
4959.00
4959.00
4959.00
4959.00
4959.00
4959.00
4959.00
4959.00
4959.00
4959.00
4959.00
4958.00
4958.00
4958.00
4958.00
4958.00
4958.00
4958.00
4958.00
4958.00
4958.00
4958.00
4958.00
4958.00
4958.00
4958.00
4958.00
4958.00
4958.00
4958.00
4958.00
4957.00
4957.00
4957.00
4957.00
4957.00
4957.00
4957.00
4957.00
4957.00
4957.00
4957.00
4957.00
4957.00
4957.00
4957.00
4957.00
4957.00
4957.00
4957.00
4957.00
4957.00
4957.00
4957.00
4957.00
4957.00
4956.00
4956.00
4956.00
4956.00
4956.00
4956.00
4956.00
4956.00
4956.00
4956.00
4956.00
4956.00
4956.00
4956.00
4956.00
4956.00
4956.00
4956.00
4956.00
4956.00
4956.00
4956.00
4956.00
4956.00
4956.00
4956.00
4956.00
4956.00
4956.00
4956.00
4956.00
4956.00
4956.00
4955.00
4955.00
4955.00
4955.00
4955.00
4955.00
4955.00
4955.00
4955.00
4955.00
4955.00
4955.00
4955.00
4955.00
4955.00
4955.00
4955.00
4955.00
4955.00
4955.00
4955.00
4955.00
4955.00
4955.00
4955.00
4955.00
4955.00
4955.00
4955.00
4955.00
4955.00
4955.00
4955.00
4955.00
4955.00
4955.00
4955.00
4955.00
4955.00
4955.00
4955.00
4955.00
4955.00
4955.00
4955.00
4955.00
4955.00
4954.00
4954.00
4954.00
4954.00
4954.00
4954.00
4954.00
4954.00
4954.00
4954.00
4954.00
4954.00
4954.00
4954.00
4954.00
4954.00
4954.00
4954.00
4954.00
4954.00
4954.00
4954.00
4954.00
4954.00
4954.00
4954.00
4954.00
4954.00
4954.00
4954.00
4954.00
4954.00
4954.00
4954.00
4954.00
4954.00
4954.00
4954.00
4954.00
4954.00
4954.00
4954.00
4954.00
4954.00
4954.00
4954.00
4954.00
4954.00
4953.00
4953.00
4953.00
4953.00
4953.00
4953.00
4953.00
4953.00
4953.00
4953.00
4953.00
4953.00
4953.00
4953.00
4953.00
4953.00
4953.00
4953.00
4953.00
4953.00
4953.00
4953.00
4953.00
4953.00
4953.00
4953.00
4953.00
4953.00
4953.00
4953.00
4953.00
4953.00
4953.00
4953.00
4953.00
4953.00
4953.00
4953.00
4953.00
4953.00
4953.00
4953.00
4953.00
4953.00
4953.00
4953.00
4953.00
4953.00
4953.00
4953.00
4953.00
4953.00
4953.00
4953.00
4953.00
4953.00
4953.00
4954.00
4954.00
4954.00
4954.00
4954.00
4954.00
4954.00
4954.00
4954.00
4954.00
4954.00
4954.00
4954.00
4954.00
4954.00
4954.00
4954.00
4954.00
4954.00
4954.00
4954.00
4954.00
4954.00
4954.00
4954.00
4954.00
4955.00
4955.00
4955.00
4955.00
4955.00
4955.00
4955.00
4955.00
4955.00
4955.00
4955.00
4955.00
4955.00
4955.00
4955.00
4955.00
4955.00
4955.00
4955.00
4955.00
4955.00
4955.00
4955.00
4955.00
4955.00
4955.00
4955.00
4955.00
4956.00
4956.00
4956.00
4956.00
4956.00
4956.00
4956.00
4956.00
4956.00
4956.00
4956.00
4956.00
4956.00
4956.00
4956.00
4956.00
4956.00
4956.00
4956.00
4956.00
4956.00
4956.00
4956.00
4956.00
4956.00
4956.00
4956.00
4956.00
4956.00
4956.00
4956.00
4957.00
4957.00
4957.00
4957.00
4957.00
4957.00
4957.00
4957.00
4957.00
4957.00
4957.00
4957.00
4957.00
4957.00
4957.00
4957.00
4957.00
4957.00
4957.00
4957.00
4957.00
4957.00
4957.00
4957.00
4957.00
4957.00
4957.00
4957.00
4957.00
4957.00
4957.00
4957.00
4957.00
4957.00
4958.00
4958.00
4958.00
4958.00
4958.00
4958.00
4958.00
4958.00
4958.00
4958.00
4958.00
4958.00
4958.00
4958.00
4958.00
4958.00
4958.00
4958.00
4958.00
4958.00
4958.00
4958.00
4958.00
4958.00
4958.00
4958.00
4958.00
4958.00
4958.00
4958.00
4958.00
4958.00
4958.00
4958.00
4958.00
4958.00
4958.00
4959.00
4959.00
4959.00
4959.00
4959.00
4959.00
4959.00
4959.00
4959.00
4959.00
4959.00
4959.00
4959.00
4959.00
4959.00
4959.00
4959.00
4959.00
4959.00
4959.00
4959.00
4959.00
4959.00
4959.00
4959.00
4959.00
4959.00
4959.00
4959.00
4959.00
4959.00
4959.00
4959.00
4959.00
4959.00
4959.00
4959.00
4959.00
4959.00
4959.00
4959.00
4959.00
4959.00
4959.00
4960.00
4960.00
4960.00
4960.00
4960.00
4960.00
4960.00
4960.00
4960.00
4960.00
4960.00
4960.00
4960.00
4960.00
4960.00
4960.00
4960.00
4960.00
4960.00
4960.00
4960.00
4960.00
4960.00
4960.00
4960.00
4960.00
4960.00
4960.00
4960.00
4960.00
4960.00
4960.00
4960.00
4960.00
4960.00
4960.00
4960.00
4960.00
4960.00
4960.00
4960.00
4960.00
4960.00
4960.00
4960.00
4960.00
4960.00
4960.00
4960.00
4960.00
4960.00
4960.00
4960.00
4960.00
4960.00
4960.00
4960.00
4960.00
4960.00
4960.00
4960.00
4960.00
4960.00
4960.00
4960.00
4960.00
4960.00
4960.00
4960.00
4960.00
4961.00
4961.00
4961.00
4961.00
4961.00
4961.00
4961.00
4961.00
4961.00
4961.00
4961.00
4961.00
4961.00
4961.00
4961.00
4961.00
4961.00
4961.00
4961.00
4961.00
4961.00
4961.00
4961.00
4961.00
4961.00
4961.00
4961.00
4961.00
4961.00
4961.00
4961.00
4961.00
4961.00
4961.00
4961.00
4961.00
4961.00
4961.00
4961.00
4961.00
4961.00
4961.00
4961.00
4961.00
4961.00
4961.00
4961.00
4961.00
4961.00
4961.00
4961.00
4961.00
4961.00
4961.00
4961.00
4961.00
4961.00
4961.00
4961.00
4961.00
4961.00
4961.00
4961.00
4961.00
4961.00
4961.00
4961.00
4961.00
4961.00
4961.00
4961.00
4961.00
4961.00
4961.00
4961.00
4961.00
4961.00
4961.00
4961.00
4961.00
4961.00
4961.00
4961.00
4961.00
4961.00
4961.00
4961.00
4961.00
4961.00
4961.00
4961.00
4961.00
4961.00
4961.00
4961.00
4961.00
4961.00
4961.00
4961.00
4961.00
4961.00
4961.00
4961.00
4961.00
4961.00
4961.00
4961.00
4961.00
4961.00
4961.00
4961.00
4961.00
4961.00
4961.00
4961.00
4961.00
4961.00
4961.00
4961.00
4961.00
4961.00
4961.00
4961.00
4961.00
4961.00
4961.00
4961.00
4961.00
4961.00
4961.00
4961.00
4961.00
4961.00
4961.00
4961.00
4961.00
4961.00
4961.00
4961.00
4961.00
4961.00
4961.00
4961.00
4961.00
4961.00
4961.00
4961.00
4961.00
4961.00
4961.00
4961.00
4961.00
4961.00
4961.00
4961.00
4961.00
4961.00
