6500.00
6500.00
6500.00
6500.00
6500.00
6500.00
6500.00
6500.00
6500.00
6500.00
6500.00
6500.00
6500.00
6500.00
6500.00
6500.00
6500.00
6500.00
6500.00
6500.00
6500.00
6500.00
6500.00
6500.00
6500.00
6500.00
6500.00
6500.00
6500.00
6500.00
6500.00
6500.00
6500.00
6500.00
6500.00
6500.00
6500.00
6500.00
6500.00
6500.00
6500.00
6500.00
6500.00
6500.00
6500.00
6500.00
6500.00
6500.00
6500.00
6500.00
6500.00
6500.00
6500.00
6500.00
6500.00
6500.00
6500.00
6500.00
6500.00
6500.00
6500.00
6500.00
6500.00
6500.00
6500.00
6500.00
6500.00
6500.00
6500.00
6500.00
6500.00
6500.00
6500.00
6500.00
6500.00
6500.00
6500.00
6500.00
6500.00
6500.00
6500.00
6500.00
6500.00
6500.00
6500.00
6500.00
6500.00
6500.00
6500.00
6500.00
6500.00
6500.00
6499.00
6473.00
6449.00
6429.00
6412.00
6396.00
6383.00
6372.00
6363.00
6357.00
6352.00
6349.00
6346.00
6344.00
6342.00
6340.00
6338.00
6336.00
6335.00
6333.00
6332.00
6331.00
6330.00
6328.00
6327.00
6326.00
6325.00
6324.00
6323.00
6322.00
6321.00
6320.00
6319.00
6318.00
6318.00
6317.00
6316.00
6315.00
6315.00
6314.00
6313.00
6313.00
6312.00
6311.00
6311.00
6310.00
6310.00
6309.00
6308.00
6308.00
6307.00
6307.00
6306.00
6306.00
6306.00
6305.00
6305.00
6304.00
6304.00
6303.00
6303.00
6303.00
6302.00
6302.00
6301.00
6301.00
6301.00
6300.00
6300.00
6300.00
6299.00
6299.00
6299.00
6299.00
6298.00
6298.00
6298.00
6297.00
6297.00
6297.00
6297.00
6296.00
6296.00
6296.00
6296.00
6295.00
6295.00
6295.00
6295.00
6294.00
6294.00
6294.00
6294.00
6294.00
6293.00
6293.00
6293.00
6293.00
6293.00
6292.00
6292.00
6292.00
6292.00
6292.00
6291.00
6291.00
6291.00
6291.00
6291.00
6291.00
6290.00
6290.00
6290.00
6290.00
6290.00
6290.00
6289.00
6289.00
6289.00
6289.00
6289.00
6289.00
6289.00
6289.00
6288.00
6288.00
6288.00
6288.00
6288.00
6288.00
6288.00
6287.00
6287.00
6287.00
6287.00
6287.00
6287.00
6287.00
6287.00
6287.00
6286.00
6286.00
6286.00
6286.00
6286.00
6286.00
6286.00
6286.00
6286.00
6286.00
6285.00
6285.00
6285.00
6285.00
6285.00
6285.00
6285.00
6285.00
6285.00
6285.00
6285.00
6284.00
6284.00
6284.00
6284.00
6284.00
6284.00
6284.00
6284.00
6284.00
6284.00
6284.00
6284.00
6283.00
6283.00
6283.00
6283.00
6283.00
6283.00
6283.00
6283.00
6283.00
6283.00
6283.00
6282.00
6282.00
6282.00
6282.00
6282.00
6282.00
6282.00
6282.00
6282.00
6282.00
6282.00
6282.00
6282.00
6282.00
6281.00
6281.00
6281.00
6281.00
6281.00
6281.00
6281.00
6281.00
6281.00
6281.00
6281.00
6281.00
6281.00
6281.00
6281.00
6281.00
6281.00
6281.00
6281.00
6280.00
6280.00
6280.00
6280.00
6280.00
6280.00
6280.00
6280.00
6280.00
6280.00
6280.00
6280.00
6280.00
6280.00
6280.00
6280.00
6280.00
6280.00
6280.00
6280.00
6280.00
6280.00
6280.00
6280.00
6280.00
6280.00
6280.00
6280.00
6280.00
6280.00
6279.00
6279.00
6279.00
6279.00
6279.00
6279.00
6279.00
6279.00
6279.00
6279.00
6279.00
6279.00
6279.00
6279.00
6279.00
6279.00
6279.00
6279.00
6279.00
6279.00
6279.00
6279.00
6279.00
6279.00
6279.00
6279.00
6279.00
6279.00
6279.00
6279.00
6279.00
6279.00
6279.00
6279.00
6279.00
6279.00
6279.00
6279.00
6278.00
6278.00
6278.00
6278.00
6278.00
6278.00
6278.00
6278.00
6278.00
6278.00
6278.00
6278.00
6277.00
6277.00
6277.00
6277.00
6277.00
6276.00
6276.00
6276.00
6276.00
6276.00
6276.00
6276.00
6275.00
6275.00
6275.00
6276.00
6276.00
6276.00
6276.00
6276.00
6276.00
6276.00
6277.00
6277.00
6277.00
6277.00
6278.00
6278.00
6278.00
6279.00
6279.00
6279.00
6280.00
6280.00
6281.00
6281.00
6281.00
6281.00
6281.00
6281.00
6281.00
6281.00
6281.00
6281.00
6281.00
6281.00
6281.00
6281.00
6281.00
6281.00
6281.00
6281.00
6281.00
6281.00
6281.00
6281.00
6281.00
6281.00
6280.00
6280.00
6280.00
6280.00
6280.00
6280.00
6280.00
6280.00
6280.00
6280.00
6280.00
6280.00
6280.00
6280.00
6280.00
6280.00
6280.00
6280.00
6280.00
6280.00
6280.00
6280.00
6279.00
6277.00
6276.00
6275.00
6274.00
6274.00
6273.00
6273.00
6273.00
6273.00
6272.00
6272.00
6272.00
6272.00
6271.00
6270.00
6267.00
6264.00
6258.00
6255.00
6251.00
6247.00
6244.00
6240.00
6235.00
6230.00
6225.00
6221.00
6215.00
6208.00
6200.00
6192.00
6182.00
6171.00
6157.00
6141.00
6122.00
6101.00
6075.00
6046.00
6011.00
5973.00
5932.00
5891.00
5852.00
5811.00
5771.00
5732.00
5696.00
5666.00
5643.00
5624.00
5608.00
5596.00
5588.00
5583.00
5581.00
5583.00
5586.00
5588.00
5598.00
5627.00
5663.00
5699.00
5731.00
5760.00
5787.00
5811.00
5833.00
5854.00
5874.00
5892.00
5909.00
5925.00
5941.00
5956.00
5974.00
5989.00
6001.00
6017.00
6037.00
6057.00
6078.00
6100.00
6119.00
6141.00
6160.00
6178.00
6193.00
6206.00
6218.00
6228.00
6237.00
6244.00
6249.00
6254.00
6258.00
6260.00
6260.00
6260.00
6261.00
6261.00
6261.00
6261.00
6261.00
6261.00
6261.00
6261.00
6261.00
6261.00
6261.00
6261.00
6261.00
6262.00
6262.00
6263.00
6263.00
6263.00
6264.00
6264.00
6265.00
6265.00
6265.00
6266.00
6266.00
6267.00
6267.00
6268.00
6269.00
6269.00
6270.00
6271.00
6272.00
6273.00
6274.00
6275.00
6276.00
6277.00
6278.00
6279.00
6280.00
6280.00
6281.00
6281.00
6281.00
6281.00
6282.00
6282.00
6282.00
6282.00
6282.00
6282.00
6282.00
6282.00
6282.00
6282.00
6282.00
6282.00
6282.00
6282.00
6282.00
6282.00
6282.00
6282.00
6282.00
6282.00
6282.00
6282.00
6282.00
6282.00
6282.00
6282.00
6282.00
6282.00
6282.00
6282.00
6281.00
6281.00
6281.00
6281.00
6281.00
6281.00
6281.00
6281.00
6281.00
6281.00
6281.00
6281.00
6281.00
6281.00
6281.00
6281.00
6281.00
6281.00
6281.00
6281.00
6280.00
6280.00
6280.00
6280.00
6280.00
6280.00
6280.00
6280.00
6280.00
6280.00
6280.00
6280.00
6280.00
6280.00
6280.00
6280.00
6280.00
6280.00
6280.00
6280.00
6280.00
6280.00
6280.00
6280.00
6280.00
6280.00
6280.00
6280.00
6280.00
6280.00
6280.00
6280.00
6282.00
6289.00
6301.00
6315.00
6329.00
6343.00
6358.00
6373.00
6388.00
6403.00
6419.00
6435.00
6450.00
6466.00
6483.00
6500.00
6500.00
6500.00
6500.00
6500.00
6500.00
6500.00
6500.00
6500.00
6500.00
6500.00
6500.00
6500.00
6500.00
6500.00
6500.00
6500.00
6500.00
6500.00
6500.00
6500.00
6500.00
6500.00
6500.00
6500.00
6500.00
6500.00
6500.00
6500.00
6500.00
6500.00
6500.00
6500.00
6500.00
6500.00
6500.00
6500.00
6500.00
6500.00
6500.00
6500.00
6500.00
6500.00
6500.00
6500.00
6500.00
6500.00
6500.00
6500.00
6500.00
6500.00
6500.00
6500.00
6500.00
6500.00
6500.00
6500.00
6500.00
6500.00
6500.00
6500.00
6500.00
6500.00
6500.00
6500.00
6500.00
6500.00
6500.00
6500.00
6500.00
6500.00
6500.00
6500.00
6500.00
6500.00
6500.00
6500.00
6500.00
6500.00
6500.00
6500.00
6500.00
6328.00
6278.00
6276.00
6276.00
6276.00
6276.00
6276.00
6276.00
6276.00
6276.00
6275.00
6275.00
6275.00
6275.00
6275.00
6275.00
6275.00
6275.00
6275.00
6275.00
6275.00
6275.00
6275.00
6275.00
6275.00
6275.00
6275.00
6275.00
6275.00
6275.00
6275.00
6275.00
6275.00
6275.00
6275.00
6275.00
6275.00
6275.00
6275.00
6275.00
6275.00
6275.00
6275.00
6275.00
6275.00
6275.00
6275.00
6275.00
6275.00
6275.00
6275.00
6275.00
6275.00
6275.00
6275.00
6275.00
6275.00
6275.00
6275.00
6275.00
6275.00
6275.00
6275.00
6275.00
6276.00
6276.00
6276.00
6276.00
6276.00
6276.00
6276.00
6276.00
6276.00
6276.00
6276.00
6276.00
6276.00
6276.00
6276.00
6276.00
6276.00
6276.00
6276.00
6276.00
6276.00
6276.00
6276.00
6276.00
6276.00
6276.00
6276.00
6276.00
6276.00
6276.00
6276.00
6276.00
6276.00
6276.00
6276.00
6276.00
6276.00
6276.00
6276.00
6276.00
6277.00
6277.00
6277.00
6277.00
6277.00
6277.00
6277.00
6277.00
6277.00
