115.495295754679319 114.158329988924464 109.902104618324557 39.859501769202915 35.956730811594880 40.181524649405304 40.819818162996640 36.538208501756642 34.945930823746295 73.125790977405885 90.807202674740381 32.389621459321475 32.678733208559230 
115.496677153332783 114.159990116913349 109.904699086685824 39.859728815273328 35.955886268535274 40.182007081107116 40.819172271264627 36.538911797110721 34.946329602508570 73.122841670602611 90.807889819387938 32.389099529696431 32.678125260537165 
115.498368144494606 114.161566537535933 109.905671013247243 39.860000031010458 35.956405752586257 40.182131969073829 40.819483659945575 36.538843208430983 34.946325810588370 73.125632838896394 90.809461351250206 32.389500956744612 32.678425502474404 
115.497649170954503 114.160879040713638 109.905278046837296 39.860106361703785 35.956446079056867 40.182270807347493 40.819463088348542 36.538930535483267 34.946402491158473 73.124455661029316 90.808835273400490 32.389561300156835 32.678434963589261 
115.498063510932766 114.161233121946253 109.905570093061471 39.860173259020861 35.956521370535576 40.182339293482684 40.819511088212721 36.538940448042844 34.946445111275281 73.124975600120550 90.809253306590165 32.389641558089465 32.678508540646675 
115.497929579402353 114.161079961654153 109.905538207030787 39.860216174715383 35.956553981317086 40.182411565677612 40.819531214067993 36.538960300901607 34.946490069319715 73.124755133639724 90.809176010745290 32.389692208790500 32.678579745467900 
115.498005876441070 114.161139084800055 109.905612489482493 39.860219816888225 35.956554434334244 40.182440735892307 40.819562677599741 36.538978676302349 34.946514438420166 73.124843777998436 90.809250841187392 32.389703395121678 32.678636429978518 
115.497915017895565 114.161046628558893 109.905548333467934 39.860192004024320 35.956521961948575 40.182419946601279 40.819596552884626 36.539001318473524 34.946515866102281 73.124773237963325 90.809155469202821 32.389673223586222 32.678659679699692 
115.497828542773519 114.160955335325241 109.905453290167202 39.860135795710761 35.956461662971925 40.182352423134297 40.819614247523965 36.539008845389915 34.946499557323989 73.124730549300409 90.809057078828076 32.389611175453190 32.678644409179519 
115.497673040718666 114.160800523597899 109.905294341991905 39.860049543306701 35.956376666774915 40.182253345761097 40.819590153638089 36.538983945379336 34.946470640385996 73.124635258261918 90.808909667819634 32.389524694643889 32.678588151767528 
115.497501335774317 114.160629584848579 109.905119560536605 39.859936101032979 35.956269701700577 40.182132334594222 40.819520298837894 36.538923373402682 34.946416640425518 73.124531325885187 90.808762388753919 32.389418390846316 32.678495129410059 
115.497280408001913 114.160408985947868 109.904892886918176 39.859789561131429 35.956131932482776 40.181973944646856 40.819409610253075 36.538828679673813 34.946319775140807 73.124394415439014 90.808580261009325 32.389282374549268 32.678362020347706 
115.496967255572258 114.160096025200474 109.904567782769874 39.859582758566127 35.955936830601694 40.181746771804370 40.819248184598727 36.538689931775480 34.946170301740402 73.124202356855278 90.808321337513263 32.389089162830246 32.678167930466024 
115.496507769130105 114.159636730636109 109.904092117938447 39.859282728196298 35.955653507715709 40.181417748254937 40.819013868478756 36.538488221963320 34.945953699339661 73.123920596440612 90.807941687612953 32.388808368723446 32.677885243219173 
115.495846423676682 114.158975738107799 109.903407445757480 39.858852769753014 35.955247401328670 40.180946719704551 40.818678217792332 36.538199102732179 34.945644717904202 73.123515274837658 90.807395747247156 32.388405912217237 32.677480079529431 
115.494909064283718 114.158039128793149 109.902438319156573 39.858248324746135 35.954676709245852 40.180285031777458 40.818206099566609 36.537792413059854 34.945211719580250 73.122941190875650 90.806623606703369 32.387840718517261 32.676911230153081 
115.493621303596683 114.156752805309097 109.901108765752667 39.857425940734373 35.953900816874288 40.179385419777240 40.817562809057648 36.537238421803686 34.944623720981731 73.122152823582084 90.805566119318868 32.387073175367561 32.676139109060436 
115.491936501418792 114.155070139514947 109.899373283317217 39.856364194248762 35.952899918244874 40.178225247562949 40.816730448385968 36.536521931783057 34.943865354477374 73.121122248427298 90.804188679788851 32.386084562612560 32.675145347182124 
115.489926779518981 114.153063013818866 109.897314027125660 39.855134218356888 35.951742109150103 40.176884694180188 40.815761365992948 36.535688612877529 34.942986339585723 73.119896391882236 90.802561022479622 32.384944512137857 32.674001164814598 
115.487877227844507 114.151016557783308 109.895231855766013 39.853941403385768 35.950622131565162 40.175590436300418 40.814812561467171 36.534874146928964 34.942131447273788 73.118651728324735 90.800922343358238 32.383847379971265 32.672902712662754 
115.486081377505087 114.149224174138126 109.893412547127014 39.852920442952566 35.949664821833963 40.174485016543024 40.813995575079176 36.534173366821882 34.941398928596946 73.117560764625907 90.799488027244621 32.382911645903569 32.671966503194128 
115.484659522640754 114.147805247417693 109.891979280892301 39.852135817468280 35.948930303603369 40.173637939283992 40.813364018196872 36.533632298484839 34.940835446836552 73.116699013926933 90.798360418859971 32.382195755302888 32.671251152766196 
115.484186083422045 114.147334195328142 109.891569794678361 39.852084845679265 35.948895033319644 40.173605308082216 40.813283867503564 36.533569923456973 34.940780680675594 73.116436661498298 90.798062629043926 32.382184024477304 32.671249240715703 
