 3.032524677327952  3.003925862586021  2.779253516648428  1.152643051764546  1.112904059350717  0.884298456554911  1.590726815025922  1.396505337462495  1.094253733685768  2.640894759956991  3.450402598007551  1.384158639023747  1.495275475485780 
 3.032643845697347  3.004011169979837  2.779422752917426  1.152764929795991  1.112993907334436  0.884358593437939  1.590789720336439  1.396532236053183  1.094241863162537  2.641024027054462  3.450500809726087  1.384277826878888  1.495393137028067 
 3.032477440987558  3.003909309652775  2.779216993197053  1.152660992282284  1.112907013896436  0.884323849767332  1.590784038899118  1.396531787835942  1.094234353241852  2.640991892502331  3.450377438092067  1.384176079178179  1.495299363194924 
 3.032476695570274  3.003915675571012  2.779219128770771  1.152635785260037  1.112882949669380  0.884294946794206  1.590778241698620  1.396529397233115  1.094231491138853  2.641003461286706  3.450370697128946  1.384141958455265  1.495261947254800 
 3.032471539537340  3.003909812291372  2.779205591837863  1.152622917829360  1.112869147639195  0.884272038724765  1.590775217050755  1.396530070850055  1.094230936354634  2.641010230411522  3.450352683155522  1.384119143369000  1.495234050408412 
 3.032469330115806  3.003901553234156  2.779207122072469  1.152614003187891  1.112862030721029  0.884256143757867  1.590775245777998  1.396534304236807  1.094233442952675  2.641007639265780  3.450355855777243  1.384108678943452  1.495220770557859 
 3.032466751537788  3.003886573350378  2.779218808462991  1.152606415297797  1.112858934800842  0.884241013593190  1.590782511022848  1.396544644319819  1.094241208475344  2.641006276877134  3.450373015807751  1.384104734602598  1.495215465998845 
 3.032450608790427  3.003849226152377  2.779203019809939  1.152594574922450  1.112850698665957  0.884219047548207  1.590793248028577  1.396555187398452  1.094254230356251  2.641015399421187  3.450374860000105  1.384094905882094  1.495204064638767 
 3.032437609908234  3.003832753581515  2.779191808556680  1.152586482591422  1.112844336123242  0.884203455109533  1.590798020379980  1.396557488840822  1.094270018079824  2.641012461769066  3.450370020383398  1.384086423243946  1.495193927021132 
 3.032431931852875  3.003829458041452  2.779187287007101  1.152582682670378  1.112838751088363  0.884197558641775  1.590797539171795  1.396554158971774  1.094282964673621  2.641006944226421  3.450364808937234  1.384079970242924  1.495187034938006 
 3.032429635410505  3.003828912775619  2.779184275505830  1.152581319388890  1.112834002616525  0.884198222246058  1.590794009532770  1.396548425603550  1.094292714266754  2.640999679170974  3.450360009638054  1.384074977447858  1.495182103669945 
 3.032432980154542  3.003835366908403  2.779185420668906  1.152583888122782  1.112832734290636  0.884207380566160  1.590787330724375  1.396540245192979  1.094300316767827  2.640988649989184  3.450352415040214  1.384072892611776  1.495179605016661 
 3.032445284568475  3.003849273249592  2.779194060622547  1.152592910341088  1.112840180054864  0.884225056640542  1.590779059992498  1.396533557023849  1.094301434451772  2.640975806052825  3.450354870043970  1.384081965109640  1.495189996675528 
 3.032467055471777  3.003870144192788  2.779211227811773  1.152608735072169  1.112857892309416  0.884248766723772  1.590769996669295  1.396529685660397  1.094296463016287  2.640960684331617  3.450373736529233  1.384103922708046  1.495214945659074 
 3.032491261711012  3.003894088107195  2.779230427952806  1.152628015723911  1.112881371502228  0.884273629767840  1.590762535702117  1.396528811419051  1.094289642706636  2.640945211463297  3.450388315042296  1.384130188398114  1.495243114071121 
 3.032509518683613  3.003911880997912  2.779244897906485  1.152644336702258  1.112901220924334  0.884294128098428  1.590757679476251  1.396529490864884  1.094285571318521  2.640932677342889  3.450399308119190  1.384152173463438  1.495266647609794 
 3.032520545459327  3.003922734452491  2.779253725726960  1.152657621810604  1.112916875253944  0.884310118020037  1.590757475853133  1.396533061706284  1.094286543939615  2.640925236297775  3.450405405366119  1.384168790421025  1.495284036964861 
 3.032526130603008  3.003928354060381  2.779258536858453  1.152669539824736  1.112930268154289  0.884323636594075  1.590762097005705  1.396540094090071  1.094292768788696  2.640923281191032  3.450408500322411  1.384182312132110  1.495297800878204 
 3.032527672548690  3.003930159920731  2.779260529800265  1.152682189460297  1.112943795563703  0.884337075012676  1.590772156061737  1.396551632612431  1.094305104849091  2.640926682412781  3.450409423243039  1.384195198822491  1.495310458247134 
 3.032526397102497  3.003929395849259  2.779260786486937  1.152698002351071  1.112960179950662  0.884353139285698  1.590788726167469  1.396569205917242  1.094324861264706  2.640935393972699  3.450408992967446  1.384210210349401  1.495324823915567 
 3.032523617011451  3.003927388458560  2.779260445262555  1.152719262432544  1.112982000740281  0.884374386580289  1.590812685681842  1.396594147224040  1.094353095588252  2.640949227724620  3.450408034360253  1.384229975613938  1.495343586350284 
 3.032520029798258  3.003924847568396  2.779260134020856  1.152747513753161  1.113010961293348  0.884402526832195  1.590844842209282  1.396627522910254  1.094390814977420  2.640968245533948  3.450407003706246  1.384256195377631  1.495368463865221 
 3.032515989885853  3.003922084012789  2.779260068220601  1.152782054795409  1.113046357323011  0.884436908246355  1.590884195502795  1.396668334451956  1.094436882762784  2.640991758117606  3.450406085256263  1.384288263047484  1.495398899530320 
 3.032512093005035  3.003919509840802  2.779260284182294  1.152817993577582  1.113083169362872  0.884472659230751  1.590925196813142  1.396710816971902  1.094484804504914  2.641016448882150  3.450405420879266  1.384321626798801  1.495430568974943 
 3.032508737348616  3.003917366081854  2.779260692718388  1.152851003659139  1.113116968703531  0.884505477874553  1.590962909509663  1.396749860699043  1.094528820528406  2.641039304261072  3.450405035518189  1.384352271765588  1.495459661719156 
 3.032506070370200  3.003915703558846  2.779261140551270  1.152878358949394  1.113144969748125  0.884532658630421  1.590994211115859  1.396782244115435  1.094565311699602  2.641058364990290  3.450404839207888  1.384377664985559  1.495483770050265 
 3.032504095652033  3.003914481749081  2.779261495311047  1.152898781018985  1.113165868892985  0.884552936120109  1.591017630802272  1.396806456295696  1.094592589537147  2.641072673536415  3.450404725246603  1.384396616486372  1.495501760732987 
 3.032503317406787  3.003913931954205  2.779261366315788  1.152904443429525  1.113171678608804  0.884558540510394  1.591024157089560  1.396813199382230  1.094600221113629  2.641076562520661  3.450404477122859  1.384401877650987  1.495506752232201 
