-5.620833022600968 
-5.620956833266688 
-5.620552725886241 
-5.619912154303797 
-5.619294172037548 
-5.618529166366515 
-5.617564853155010 
-5.616992440207413 
-5.616349736112136 
-5.615626230693782 
-5.614829753152639 
-5.613918123832939 
-5.612842167991738 
-5.611641566482417 
-5.610372203192937 
-5.609070404912986 
-5.607758203431290 
-5.606448084765958 
-5.605136950813439 
-5.603856972243526 
-5.602667008681173 
-5.601520627628864 
-5.600396030487120 
-5.598945227180629 
-5.597364345880984 
-5.595946514856176 
-5.594543697378995 
-5.592883643235735 
-5.591130222168617 
-5.589417721339363 
-5.587833425798494 
-5.586202098150639 
-5.584834798956329 
-5.583758676637074 
-5.582621262648857 
-5.581592747418207 
-5.580612863182899 
-5.579653264566553 
-5.578700119927671 
-5.577839383340000 
-5.576993654283768 
-5.576177767316670 
-5.575364240472114 
-5.574528530138512 
-5.573626326844106 
-5.572658336547298 
-5.571623602836362 
-5.570514481793243 
-5.569316804988955 
-5.568315934556312 
-5.567368865247446 
-5.566133636346393 
-5.564814420596864 
-5.563463840683402 
-5.562099447479318 
-5.560748325061926 
-5.559431324776209 
-5.558154782553282 
-5.556919197615140 
-5.555722728568857 
-5.554562695389897 
-5.553436310079762 
-5.552341535726035 
-5.551275647798226 
-5.550236405875264 
-5.549222679270160 
-5.548233154395010 
-5.547290449174680 
-5.546348739043694 
-5.545463317149113 
-5.544567984780868 
-5.543636709225308 
-5.542722183121795 
-5.541803358158459 
-5.540896801177309 
-5.540007730373553 
-5.539138272779520 
-5.538288994141882 
-5.537459714583415 
-5.536649898093327 
-5.535858853362829 
-5.535085833868414 
-5.534333107796274 
-5.533737651127524 
-5.533152199664659 
-5.532536973480329 
-5.531913779705966 
-5.531292993292136 
-5.530679463781607 
-5.530075313984195 
-5.529481340485476 
-5.528897717686054 
-5.528324486919867 
-5.527758202994559 
-5.527199925803417 
-5.526653521910174 
-5.526117288216281 
-5.525589673236242 
-5.525071120099145 
-5.524561393938199 
-5.524059994419073 
-5.523582116924941 
-5.523103672640417 
-5.522628972013277 
-5.522159640946711 
-5.521696507494345 
-5.521239876879802 
-5.520789824744132 
-5.520346310640578 
-5.519909242054477 
-5.519478503844377 
-5.519053972903420 
-5.518635524995874 
-5.518223037916714 
-5.517816392836883 
-5.517415474795895 
-5.517020172794207 
-5.516630379709508 
-5.516245681721599 
-5.515871081196111 
-5.515504147295403 
-5.515143374937526 
-5.514788017186079 
-5.514437960360663 
-5.514088052359645 
-5.513740310352566 
-5.513395992558623 
-5.513055664941979 
-5.512719580908043 
-5.512387968881538 
-5.512059048834561 
-5.511733407451702 
-5.511413323201597 
-5.511098204453169 
-5.510787601480605 
-5.510481273197643 
-5.510179067161558 
-5.509880881626184 
-5.509586639504294 
-5.509296276871356 
-5.509009736900605 
-5.508726966969912 
-5.508447917217496 
-5.508172539817391 
-5.507900788610187 
-5.507632618895641 
-5.507367987316658 
-5.507106851770138 
-5.506849171356465 
-5.506594906322770 
-5.506344018021303 
-5.506096468867794 
-5.505852222304597 
-5.505611242760500 
-5.505373495618304 
-5.505138947180965 
-5.504907564635286 
-5.504679316023386 
-5.504454170210504 
-5.504232096858352 
-5.504013066393587 
-5.503797049980941 
-5.503584019501018 
-5.503373947519985 
-5.503166807270143 
-5.502962572626391 
-5.502761218082242 
-5.502562718729398 
-5.502367050240098 
-5.502174188846021 
-5.501984111320635 
-5.501796794959990 
-5.501612217570284 
-5.501430357446435 
-5.501251193361756 
-5.501074704549636 
-5.500900870691439 
-5.500729671904514 
-5.500561088725209 
-5.500395102101430 
-5.500231693377544 
-5.500070844286276 
-5.499912536934937 
-5.499756753797436 
-5.499603477705062 
-5.499452691832496 
-5.499304379694259 
-5.499158525134940 
-5.499015112319428 
-5.498874125727249 
-5.498735550140132 
-5.498599370641455 
-5.498465572605027 
-5.498334141689321 
-5.498205063832473 
-5.498078325242739 
-5.497953912397713 
-5.497831812034448 
-5.497712011145683 
-5.497594496973734 
-5.497479257007942 
-5.497366278977012 
-5.497255550844682 
-5.497147060808949 
-5.497040797291630 
-5.496936748940806 
-5.496834904621939 
-5.496735253417206 
-5.496637784619174 
-5.496542487728906 
-5.496449352453636 
-5.496358368702436 
-5.496269526582775 
-5.496182816396522 
-5.496098228641055 
-5.496015754001493 
-5.495935383352912 
-5.495857107753244 
-5.495780918444271 
-5.495706806846856 
-5.495634764562496 
-5.495564783366658 
-5.495496855209225 
-5.495430972213833 
-5.495367126670647 
-5.495305311042364 
-5.495245517954994 
-5.495187740202301 
-5.495131970741141 
-5.495078202690129 
-5.495026429328642 
-5.494976644096594 
-5.494928840590885 
-5.494883012566953 
-5.494839153936004 
-5.494797258765671 
-5.494757321276023 
-5.494719335840559 
-5.494683296987213 
-5.494649199395574 
-5.494617037895777 
-5.494586807468282 
-5.494558503245650 
-5.494532120509432 
-5.494507654691283 
-5.494485101371738 
-5.494464456280213 
-5.494445715296115 
-5.494428874446844 
-5.494413929866049 
-5.494400877419592 
-5.494389712375702 
-5.494380430868473 
-5.494373031129762 
-5.494367515117782 
-5.494363890493514 
-5.494362170567646 
-5.494362372086892 
-5.494364513377148 
-5.494368613102041 
-5.494374688793879 
-5.494382755418359 
-5.494392826060013 
-5.494404913193751 
-5.494419028914121 
-5.494435184979607 
-5.494453392855481 
-5.494473289400115 
-5.494498354529309 
-5.494527698358342 
-5.494560293686446 
-5.494595730266116 
-5.494633779766334 
-5.494674317531145 
-5.494717257250148 
-5.494762526955355 
-5.494810058694011 
-5.494859785280082 
-5.494911639604250 
-5.494965554823761 
-5.495021464725802 
-5.495079304046357 
-5.495139008693806 
-5.495200515876597 
-5.495263764174085 
-5.495328693563506 
-5.495395245418533 
-5.495463362493513 
-5.495532988900265 
-5.495604070076765 
-5.495676552755180 
-5.495750384929110 
-5.495825515822506 
-5.495901895852473 
-5.495979476601742 
-5.496058210785026 
-5.496138052217714 
-5.496218955788557 
-5.496296280749657 
-5.496377764280913 
-5.496461852152024 
-5.496546376262401 
-5.496631815706365 
-5.496717976236409 
-5.496804897258234 
-5.496892532225739 
-5.496972102219666 
-5.497081081941801 
-5.497187460071440 
-5.497292207243265 
-5.497396399545940 
-5.497500595702642 
-5.497605438998354 
-5.497710910506548 
-5.497794477537843 
-5.497885663359070 
-5.497973973235371 
-5.498054552858900 
-5.498131356541425 
-5.498200120850671 
-5.498273578067647 
-5.498349618354825 
-5.498425510736871 
-5.498501924713795 
-5.498578535559351 
-5.498655394697405 
-5.498732442970278 
-5.498809671220739 
-5.498887057918345 
-5.498964589973121 
-5.499042253699127 
-5.499121039991062 
-5.499210192240200 
-5.499310160961501 
-5.499410368353885 
-5.499510695016419 
-5.499610637818009 
-5.499710561411075 
-5.499814763403665 
-5.499922798209100 
-5.500033415075767 
-5.500145706586190 
-5.500259034033839 
-5.500372983763380 
-5.500487283685240 
-5.500601753022250 
-5.500716267424655 
-5.500830737713569 
-5.500945096369780 
-5.501059289226395 
-5.501173270299420 
-5.501286998586874 
-5.501400436082604 
-5.501513546531500 
-5.501626294647122 
-5.501738645607879 
-5.501850564727961 
-5.501962017226525 
-5.502072968068039 
-5.502183381827064 
-5.502293222581667 
-5.502402453808841 
-5.502511038282587 
-5.502618937967996 
-5.502726113900680 
-5.502832526059764 
-5.502938133220003 
-5.503042892780585 
-5.503146760568511 
-5.503249690611112 
-5.503351634862597 
-5.503452542883314 
-5.503552361455055 
-5.503651034118429 
-5.503748500610750 
-5.503844696176485 
-5.503939550717485 
-5.504032987742380 
-5.504124923035425 
-5.504165789962379 
-5.504184062731676 
-5.504195395295230 
-5.504239892556995 
-5.504395095956238 
-5.504695417378080 
-5.505175607980362 
-5.505785219316883 
-5.506560456176035 
-5.507456197948346 
-5.508460808685278 
-5.509572273694530 
-5.510789322158538 
-5.512111378401574 
-5.513538047542510 
-5.515080402452965 
-5.516684018358808 
-5.519125970333882 
-5.522022533140825 
-5.525647108478915 
-5.529391084296065 
-5.532303080502898 
-5.534999608468039 
-5.537767132550053 
-5.539888351620115 
-5.541723443357793 
-5.543194804644491 
-5.544517138919458 
-5.545631252484418 
-5.546581026246944 
-5.547298094228714 
-5.547880902979641 
-5.548342471957457 
-5.548621409979471 
-5.548728107065748 
-5.548687887723225 
-5.548572934605978 
-5.548369766542161 
-5.548132044643106 
-5.547877456184680 
-5.547506087356324 
-5.547117486324527 
-5.546552500286239 
-5.545761169507224 
-5.545003404528459 
-5.543947485869838 
-5.542713764774221 
-5.541022540356932 
-5.539671446203709 
-5.538372236216893 
-5.537021824719379 
-5.535683041306250 
-5.534382651955938 
-5.533106346474526 
-5.531863586593078 
-5.530667361845709 
-5.529653815847246 
-5.528608710147820 
-5.527688894655491 
-5.526836454032513 
-5.526003466976404 
-5.525204714935450 
-5.524437303099150 
-5.523698209839667 
-5.522982283808320 
-5.522285799118842 
-5.521608768946695 
-5.520951348058079 
-5.520147951614818 
-5.519400415923026 
-5.518687070038331 
-5.518000961589498 
-5.517445508285146 
-5.516871215219155 
-5.516311097755411 
-5.515771538072367 
-5.515254875138376 
-5.514757837878359 
-5.514278210586254 
-5.513814477949630 
-5.513365650975599 
-5.512931052927716 
-5.512510192374753 
-5.512102687740050 
-5.511708223239875 
-5.511316829609147 
-5.510951038000922 
-5.510775904743803 
-5.510723804764472 
-5.510547465741200 
-5.493768655107756 
-5.475084484452664 
-5.456139571751173 
-5.437055662483203 
-5.417901668877456 
-5.398721530781025 
-5.379544198387376 
-5.360388864231069 
-5.341268153059686 
-5.322190211532130 
-5.303160126603146 
-5.284180902885960 
-5.265254139404929 
-5.246380531614081 
-5.227560256539365 
-5.208793115553223 
-5.202295403424317 
-5.202590728084266 
-5.204408975039043 
-5.206063908904546 
-5.208190652067235 
-5.210269887128249 
-5.212429011941189 
-5.214847063287120 
-5.217853651473092 
-5.221015753335667 
-5.224012441617965 
-5.226871666488386 
-5.230236246569153 
-5.234151038585044 
-5.238149891885424 
-5.242120452787713 
-5.246441346562158 
-5.251030462415152 
-5.255748358527046 
-5.260556593645660 
-5.265441521782210 
-5.270409274103605 
-5.275468464346345 
-5.280625120059557 
-5.285848151935335 
-5.291009723027873 
-5.296035189950365 
-5.300615990285307 
-5.304866697527721 
-5.309087277533431 
-5.313261199179076 
-5.317368426338120 
-5.321409177109548 
-5.325158469478120 
-5.328487908366930 
-5.331653578615425 
-5.334759048697957 
-5.337864764200839 
-5.341004263764160 
-5.344197235562675 
-5.347455615885122 
-5.350790343100598 
-5.352573372592762 
-5.353515024523636 
-5.369372614892232 
-5.388710957710874 
-5.408344593180403 
-5.428116195413613 
-5.447942549761886 
-5.467772151252381 
-5.487571073003461 
-5.507316303539955 
-5.526992007653164 
-5.546587210787490 
-5.566094282546619 
-5.585507914860455 
-5.604824423988686 
-5.624041270599012 
-5.643156728639909 
-5.662169656319604 
-5.670983360820059 
-5.671404641244160 
-5.671360247252677 
-5.670904728674153 
-5.669870675469646 
-5.668413394831928 
-5.666581725982112 
-5.664187323187519 
-5.661825467907833 
-5.658519197234368 
-5.655212114418329 
-5.651194072886168 
-5.647264575493138 
-5.643031740638182 
-5.638553440113214 
-5.633763333099173 
-5.628961819730938 
-5.624274246940231 
-5.619756798033282 
-5.615357535869281 
-5.611095112218023 
-5.609048073204170 
-5.608506664913526 
-5.608169971221710 
-5.608034215966007 
-5.608032085825498 
-5.608176374613860 
-5.608482878275423 
-5.608928302208382 
-5.609496232336753 
-5.610183526125745 
-5.610983419249038 
-5.611895882992268 
-5.612918484771856 
-5.614050267748194 
-5.615536437187596 
-5.617575183026746 
-5.620369446132645 
-5.623382797243281 
-5.625930303474025 
-5.628234138421839 
-5.630262840152001 
-5.631657316216510 
-5.632769093552259 
-5.633647402387698 
-5.634339067071892 
-5.634869506058626 
-5.635210989773820 
-5.635418753683785 
-5.635498129756722 
-5.635428753155369 
-5.635193289521001 
-5.634813377824455 
-5.634321722497337 
-5.633508044676216 
-5.632531956811460 
-5.631408419690564 
-5.630126802791624 
-5.628723990115270 
-5.626893835932734 
-5.624512002205817 
-5.621479859572065 
-5.618354143111293 
-5.614801438325934 
-5.611386662476070 
-5.608317763868498 
-5.605292921636140 
-5.602207886771793 
-5.599149412134241 
-5.596145575706868 
-5.592646837948356 
-5.589134702647658 
-5.586077016973556 
-5.583228545579688 
-5.580507143468472 
-5.577883108602744 
-5.575351465183065 
-5.572891347843112 
-5.570745341952010 
-5.568769694611397 
-5.566931958100763 
-5.565147668735171 
-5.563410323951024 
-5.561715759005104 
-5.560061606431077 
-5.558446375875215 
-5.556869001742126 
-5.555328623395139 
-5.553824479006542 
-5.552355854921642 
-5.550922062065644 
-5.549522425416287 
-5.548156279682193 
-5.546819805232750 
-5.545480255874313 
-5.544171249421082 
-5.542908075080621 
-5.541677764329678 
-5.540480521142976 
-5.539314364781500 
-5.538178246612846 
-5.537071240622415 
-5.535992582639482 
-5.534941590677023 
-5.533917637576380 
-5.532920131360530 
-5.531948504677753 
-5.531002208643110 
-5.530080709330476 
-5.529178872875518 
-5.528305917419152 
-5.527457606388397 
-5.526631672493565 
-5.525828588572312 
-5.525047360222968 
-5.524287614758872 
-5.523548806039114 
-5.522820447634746 
-5.522129854980573 
-5.521466926157625 
-5.520825149274655 
-5.520031421396454 
-5.519300826997364 
-5.518611268793161 
-5.517952307455332 
-5.517316351166590 
-5.516798538103163 
-5.516266377269319 
-5.515800342095756 
-5.515380349790822 
-5.514989918704361 
-5.514614345504931 
-5.514248105001562 
-5.513891785856928 
-5.513543197990911 
-5.513203044304249 
-5.512871029343613 
-5.512547207992435 
-5.512231482236785 
-5.511923782113959 
-5.511624007043192 
-5.511332054257578 
-5.511047813449577 
-5.510772175833623 
-5.510448292225578 
-5.510112625190855 
-5.509790649178670 
-5.509481902595925 
-5.509185868236011 
-5.509039807602867 
-5.508971935082818 
-5.509326364270817 
-5.559226323097577 
-5.614301357574791 
-5.669437409243749 
-5.725151323091704 
-5.780160138886159 
-5.835265122788758 
-5.890322564317430 
-5.945220255600514 
-5.999860770422139 
-6.054160776679640 
-6.108052887982551 
-6.161474771856912 
-6.214366028512108 
-6.266661550395458 
-6.319477267247686 
-6.371599410052387 
-6.402719314119842 
-6.399265978539570 
-6.396410902360317 
-6.392528855955981 
-6.387401983392382 
-6.380792522613810 
-6.373372957215628 
-6.365647197163704 
-6.355742793452079 
-6.346321064095495 
-6.337370065907733 
-6.328733263135655 
-6.320298554851278 
-6.312001330623485 
-6.303759380597018 
-6.295594884783595 
-6.286112384851550 
-6.277405297932970 
-6.267581478498374 
-6.259696148166460 
-6.250695094774938 
-6.241925070700871 
-6.232618677176949 
-6.223619272188841 
-6.214723711704839 
-6.206822210408469 
-6.198223458876551 
-6.188780979333841 
-6.180810062897057 
-6.172598534009643 
-6.164412009368347 
-6.156257178325242 
-6.148185002133877 
-6.140206631754741 
-6.132326752419814 
-6.124525435580286 
-6.116810528093763 
-6.109189374933433 
-6.101626564436025 
-6.094135917767418 
-6.086729760841680 
-6.079375905565843 
-6.072097938853216 
-6.064866438464489 
-6.057705642844025 
-6.050587344466285 
-6.043535052127735 
-6.036521481676327 
-6.029569387994482 
-6.022652434996778 
-6.015793824100002 
-6.008976981464520 
-6.002186508676011 
-5.995448829807515 
-5.988748770455965 
-5.982072245964587 
-5.975444906495264 
-5.968851744030057 
-5.962279539518112 
-5.955752970211337 
-5.949258363012855 
-5.942790152700272 
-5.939535156431863 
-5.937279566822218 
-5.886887117003803 
-5.830452709193468 
-5.773141813628646 
-5.715147896321660 
-5.656647687980132 
-5.599033838294187 
-5.541154673333160 
-5.483112455821448 
-5.424994074328171 
-5.366874703415903 
-5.308822942781899 
-5.250878978422024 
-5.193101680741830 
-5.134613305277425 
-5.076637634551018 
-5.018233136912298 
-4.978174183732698 
-4.976327420428972 
-4.976163930427102 
-4.977035599463053 
-4.978291186741091 
-4.980605622228240 
-4.984246319590380 
-4.989561420079003 
-4.997342863604537 
-5.005339847162560 
-5.012456690118627 
-5.019196476419907 
-5.025459241267738 
-5.031418728076553 
-5.037249499952878 
-5.043077624464543 
-5.048989604775733 
-5.055042520467401 
-5.061269313478611 
-5.067650566617621 
-5.074074541262186 
-5.079986251544266 
-5.085136011366953 
-5.092759655868306 
-5.099496821708960 
-5.106366510374438 
-5.112719679790545 
-5.119680491944445 
-5.126144074800720 
-5.133111661528744 
-5.139687316145447 
-5.146106208756662 
-5.152363548113881 
-5.160328094051203 
-5.167782430451462 
-5.174504494752430 
-5.182743526953137 
-5.190439888665188 
-5.198572766998533 
-5.207033892586255 
-5.215432850283697 
-5.223559134218902 
-5.231309408296414 
-5.238655052708929 
-5.245562272456983 
-5.249129784095641 
-5.252410357053150 
-5.256312107438599 
-5.259840041410668 
-5.263507053993810 
-5.267285531282417 
-5.271134277742950 
-5.275022547167496 
-5.278956987735284 
-5.282936739330890 
-5.286961203177509 
-5.291027741800458 
-5.295132858658236 
-5.299272067801453 
-5.303440123459846 
-5.307631078963038 
-5.311838402829117 
-5.316055083837479 
-5.320273756524663 
-5.324486835231790 
-5.328686656844384 
-5.332865625548133 
-5.337016353953006 
-5.341131794057152 
-5.345205352419002 
-5.349230985090547 
-5.353203269036988 
-5.357117448810067 
-5.360969229895818 
-5.364575948628714 
-5.368024310790864 
-5.371358092132517 
-5.374604924916260 
-5.377780000549337 
-5.380892051919606 
-5.383946212979551 
-5.386945575422186 
-5.389892080280179 
-5.392787023361989 
-5.395631344150886 
-5.398425789200689 
-5.401171003982186 
-5.403867583519961 
-5.406526874830009 
-5.409116554395355 
-5.411666870304033 
-5.414182072947749 
-5.416650844750737 
-5.419075958607356 
-5.421456745909214 
-5.423793692111434 
-5.426087014062775 
-5.428337165512609 
-5.430544589724584 
-5.432709777849265 
-5.434833225252733 
-5.436915435301004 
-5.438956909794568 
-5.440958147691410 
-5.442919642519195 
-5.444841881512175 
-5.446725344820824 
-5.448570505181327 
-5.450377827735720 
-5.452147769994808 
-5.453880781886022 
-5.455577305869430 
-5.457237777096169 
-5.458787256153785 
