 1.665213485329944  1.660615663082765  1.625924913461322  1.828585372649974  1.834028968604021  1.786894093007923  1.850517852664959  1.872912860747987  1.910066001874578  1.764989896315127  1.693308378531257  1.826312171205661  1.876502484394726 
 1.665213501564132  1.660615678602187  1.625924929160056  1.828585385161017  1.834028982040633  1.786894101955008  1.850517860977075  1.872912870511972  1.910066004812127  1.764989910454187  1.693308390459812  1.826312184561973  1.876502499845620 
 1.665213500206560  1.660615677625720  1.625924925826379  1.828585384240569  1.834028980934820  1.786894101059430  1.850517863188616  1.872912873600902  1.910066005517133  1.764989909952132  1.693308388512795  1.826312181214410  1.876502494792100 
 1.665213499438277  1.660615677515898  1.625924923013324  1.828585384213401  1.834028980918646  1.786894099601819  1.850517863854036  1.872912874403608  1.910066005591863  1.764989909636231  1.693308387326086  1.826312180423738  1.876502492975649 
 1.665213497706310  1.660615676671906  1.625924919319222  1.828585383542656  1.834028980341366  1.786894097116760  1.850517863472438  1.872912873878783  1.910066005057880  1.764989908490961  1.693308385426319  1.826312179452844  1.876502491266664 
 1.665213493878068  1.660615673694772  1.625924914936658  1.828585380825573  1.834028977755520  1.786894093511193  1.850517861049869  1.872912871151573  1.910066003177636  1.764989905477038  1.693308381791507  1.826312176745542  1.876502488154068 
 1.665213486863309  1.660615667062119  1.625924909529155  1.828585374655751  1.834028971563920  1.786894088453267  1.850517855359341  1.872912865124993  1.910065998726687  1.764989899358989  1.693308375032388  1.826312170496732  1.876502481664881 
 1.665213475984881  1.660615655820517  1.625924901297579  1.828585364123299  1.834028960606593  1.786894080375626  1.850517845236935  1.872912854614653  1.910065990100319  1.764989889014607  1.693308363913030  1.826312159427119  1.876502470419313 
 1.665213460233851  1.660615639227717  1.625924887233176  1.828585348302237  1.834028944054484  1.786894066386796  1.850517829515147  1.872912838495366  1.910065975551938  1.764989873166236  1.693308347344357  1.826312142704234  1.876502453571062 
 1.665213437224060  1.660615615557766  1.625924864573998  1.828585325105528  1.834028920295557  1.786894043708658  1.850517806253910  1.872912815058968  1.910065952998415  1.764989849786003  1.693308323422790  1.826312118697257  1.876502429427104 
 1.665213403199719  1.660615581362570  1.625924830617377  1.828585291000959  1.834028885980754  1.786894009685660  1.850517772177421  1.872912781092616  1.910065919253281  1.764989815601686  1.693308288508242  1.826312083928733  1.876502394385757 
 1.665213353074616  1.660615531341501  1.625924780659828  1.828585240922009  1.834028835832639  1.786893959683797  1.850517722240985  1.872912731434440  1.910065869358406  1.764989765486835  1.693308237225266  1.826312033043453  1.876502343040653 
 1.665213279577630  1.660615458048414  1.625924707319420  1.828585167516641  1.834028762363842  1.786893886302022  1.850517649018664  1.872912658633726  1.910065796055108  1.764989691977918  1.693308162058048  1.826311958505767  1.876502267835535 
 1.665213172655291  1.660615351426106  1.625924600573561  1.828585060693013  1.834028655457756  1.786893779469094  1.850517542412913  1.872912552646677  1.910065689292604  1.764989584975337  1.693308052700461  1.826311850061355  1.876502158432463 
 1.665213019342206  1.660615198552551  1.625924447482852  1.828584907484097  1.834028502143517  1.786893626219678  1.850517389474907  1.872912400605957  1.910065536080694  1.764989431492311  1.693307895881698  1.826311694547520  1.876502001550334 
 1.665212804424634  1.660614984262025  1.625924232839913  1.828584692681656  1.834028287203939  1.786893411328867  1.850517175015652  1.872912187416334  1.910065321180614  1.764989216282070  1.693307676018412  1.826311476518266  1.876501781601889 
 1.665212513223297  1.660614693915789  1.625923941975580  1.828584401616338  1.834027995950167  1.786893120112611  1.850516884390130  1.872911898517596  1.910065029904516  1.764988924642116  1.693307378045057  1.826311181049640  1.876501483517723 
 1.665212138258073  1.660614320047403  1.625923567412941  1.828584026819864  1.834027620885804  1.786892745090868  1.850516510151825  1.872911526497984  1.910064654788111  1.764988549092749  1.693306994223170  1.826310800494425  1.876501099557133 
 1.665211690878830  1.660613873959944  1.625923120482536  1.828583579650765  1.834027173338931  1.786892297617674  1.850516063661767  1.872911082633167  1.910064207226645  1.764988101026877  1.693306536036555  1.826310346279135  1.876500641207463 
 1.665211214626831  1.660613399053559  1.625922644667858  1.828583103644629  1.834026696832600  1.786891821240314  1.850515588411849  1.872910610136405  1.910063730826365  1.764987624081926  1.693306047898108  1.826309862485203  1.876500152896030 
 1.665210787039487  1.660612972641611  1.625922217411828  1.828582676302160  1.834026268913290  1.786891393498697  1.850515161787492  1.872910185932179  1.910063303164293  1.764987195914219  1.693305609116667  1.826309427763574  1.876499713958342 
 1.665210632443926  1.660612818618456  1.625922062517553  1.828582521659187  1.834026113938677  1.786891238457571  1.850515007214856  1.872910032236262  1.910063148217413  1.764987040740469  1.693305449173474  1.826309269690219  1.876499553960460 
