 0.018362128822797  0.018310643862420  0.017924130745597  0.020116427151950  0.020174739265973  0.019652253097081  0.020366970981699  0.020607805133922  0.021009282178144  0.019451412239372  0.018680037781899  0.020096241127786  0.020645626870982 
 0.018362132543386  0.018310646795233  0.017924134699295  0.020116432778064  0.020174745494784  0.019652257128037  0.020366975668512  0.020607811241377  0.021009283624291  0.019451416104493  0.018680040385168  0.020096247004485  0.020645633895275 
 0.018362132451520  0.018310646924285  0.017924133076451  0.020116429964772  0.020174742606043  0.019652253995711  0.020366975053910  0.020607811285570  0.021009282992773  0.019451415789642  0.018680039898716  0.020096242715165  0.020645628313637 
 0.018362131924744  0.018310646991114  0.017924130946250  0.020116429190629  0.020174741993715  0.019652251897689  0.020366974024782  0.020607810243908  0.021009282031496  0.019451415286137  0.018680039116068  0.020096241943437  0.020645627045340 
 0.018362130113336  0.018310645998009  0.017924127689297  0.020116427678603  0.020174740713926  0.019652249126693  0.020366971979925  0.020607807929126  0.021009280132980  0.019451413714967  0.018680037183721  0.020096240768348  0.020645625669657 
 0.018362126003232  0.018310642620241  0.017924123328999  0.020116424094016  0.020174737295248  0.019652245240848  0.020366968137565  0.020607803699225  0.021009276532471  0.019451410067529  0.018680033087822  0.020096237483667  0.020645622340948 
 0.018362118673728  0.018310635502070  0.017924117348766  0.020116417209522  0.020174730313416  0.019652239440839  0.020366961351079  0.020607796535834  0.021009270064996  0.019451403157321  0.018680025683785  0.020096230516627  0.020645615310331 
 0.018362107381872  0.018310623750459  0.017924107896275  0.020116406026361  0.020174718663191  0.019652229969093  0.020366950260119  0.020607785082128  0.021009259294682  0.019451391832730  0.018680013931905  0.020096218788500  0.020645603499317 
 0.018362090799778  0.018310606424827  0.017924092192406  0.020116389243575  0.020174701268743  0.019652214177831  0.020366933337624  0.020607767877174  0.021009242666875  0.019451374713789  0.018679996569946  0.020096201275175  0.020645585923954 
 0.018362066400205  0.018310581561108  0.017924067820082  0.020116364584913  0.020174676238685  0.019652189672708  0.020366908483639  0.020607742990714  0.021009218150039  0.019451349741284  0.018679971394989  0.020096176028419  0.020645560567745 
 0.018362030594600  0.018310545729778  0.017924032094815  0.020116328655952  0.020174640230562  0.019652153826067  0.020366872511844  0.020607707232030  0.021009182412624  0.019451313685011  0.018679934764510  0.020096139563498  0.020645523827592 
 0.018361978337085  0.018310493669529  0.017923979995108  0.020116276402432  0.020174587990407  0.019652101662246  0.020366820328026  0.020607655401664  0.021009130214063  0.019451261317136  0.018679881352119  0.020096086571485  0.020645470365441 
 0.018361902073567  0.018310417686265  0.017923903799615  0.020116200167833  0.020174511760831  0.019652025406159  0.020366744179815  0.020607579745330  0.021009053923705  0.019451184861566  0.018679803379835  0.020096009251514  0.020645392364111 
 0.018361791336180  0.018310307313901  0.017923793149369  0.020116089442707  0.020174401009906  0.019651914632116  0.020366633553715  0.020607469808484  0.021008943085552  0.019451073820456  0.018679690112226  0.020095896923692  0.020645279052855 
 0.018361632705773  0.018310149174679  0.017923634686682  0.020115930808491  0.020174242311139  0.019651755953931  0.020366475049463  0.020607312273987  0.021008784263594  0.019450914755655  0.018679527804233  0.020095735959301  0.020645116677695 
 0.018361410440774  0.018309927577038  0.017923412679409  0.020115708521782  0.020174019913015  0.019651533617648  0.020366252931041  0.020607091505465  0.021008561668483  0.019450691870225  0.018679300322559  0.020095510369212  0.020644889102689 
 0.018361109315332  0.018309627343473  0.017923111898909  0.020115407352470  0.020173718572802  0.019651232372172  0.020365951974158  0.020606792373362  0.021008260022679  0.019450389880540  0.018678992037136  0.020095204669007  0.020644580693799 
 0.018360721529028  0.018309240693453  0.017922724533925  0.020115019503629  0.020173330470622  0.019650844399574  0.020365564393091  0.020606407132924  0.021007871514854  0.019450000966081  0.018678594880005  0.020094810884144  0.020644183380512 
 0.018360272341830  0.018308792802534  0.017922275789550  0.020114570250975  0.020172880848481  0.019650394959521  0.020365115461193  0.020605960881634  0.021007421490658  0.019449550475008  0.018678134517892  0.020094354525029  0.020643722839225 
 0.018359836805089  0.018308358508142  0.017921840603693  0.020114134656230  0.020172444789808  0.019649959116201  0.020364680187036  0.020605528166364  0.021006985152221  0.019449113668402  0.018677687655490  0.020093911693541  0.020643275803646 
 0.018359464650858  0.018307987404358  0.017921468715642  0.020113762460719  0.020172072140213  0.019649586668798  0.020364308283840  0.020605158437676  0.021006612321790  0.019448740445204  0.018677305552671  0.020093533118601  0.020642893552286 
 0.018359179094251  0.018307702648527  0.017921183325329  0.020113476876152  0.020171786162431  0.019649300850370  0.020364022935783  0.020604874748542  0.021006326244822  0.019448454078199  0.018677012140604  0.020093242481184  0.020642600025333 
 0.018359165262572  0.018307688969751  0.017921169227719  0.020113463166858  0.020171772194414  0.019649286966241  0.020364009250477  0.020604861098308  0.021006312681956  0.019448440097034  0.018676996376467  0.020093227440736  0.020642584283622 
