 0.212175105580984  0.211979622069867  0.211575444373336  0.086373712756180  0.069447673875005  0.065544918680028  0.170294760409678  0.136292247187284  0.121352428050828  0.266788500199278  0.240097704042399  0.073225150104604  0.047599504652571 
 0.212175767268798  0.211980291359099  0.211576094758644  0.086377110693662  0.069451405306685  0.065547636224555  0.170298040237033  0.136295257719051  0.121353388760961  0.266789585364266  0.240098560709122  0.073229528539202  0.047604382806817 
 0.212175383922426  0.211979901556468  0.211575717828072  0.086375331964200  0.069449167995131  0.065546359115326  0.170297190603927  0.136294586466318  0.121353394341250  0.266788968406277  0.240098054439039  0.073226323974267  0.047600503753605 
 0.212175390168596  0.211979906608465  0.211575725402510  0.086374842053160  0.069448638281083  0.065545821069557  0.170296624661003  0.136294068075936  0.121353387730805  0.266788968649455  0.240098060746195  0.073225815093653  0.047599938301703 
 0.212175444178961  0.211979960506698  0.211575780486824  0.086374542804881  0.069448393176209  0.065545518208206  0.170296091775214  0.136293558542395  0.121353383803267  0.266789045447724  0.240098130248442  0.073225688145966  0.047599881642745 
 0.212175538845653  0.211980055290454  0.211575876288731  0.086374391592015  0.069448301450265  0.065545456690090  0.170295736696079  0.136293207530535  0.121353398466330  0.266789188490693  0.240098251519725  0.073225711257391  0.047599985992432 
 0.212175663099496  0.211980179612005  0.211576001208857  0.086374401417281  0.069448340437954  0.065545541048405  0.170295656640583  0.136293117697667  0.121353458404553  0.266789380896542  0.240098409641389  0.073225818351791  0.047600137913611 
 0.212175804845342  0.211980321378210  0.211576142966236  0.086374541758027  0.069448483320818  0.065545683082379  0.170295811383932  0.136293259193186  0.121353594482191  0.266789603274387  0.240098589300171  0.073225982498938  0.047600309752437 
 0.212175960629641  0.211980477173282  0.211576298500005  0.086374740013506  0.069448674768259  0.065545852885255  0.170296067866659  0.136293505102002  0.121353817051575  0.266789848995735  0.240098786484446  0.073226175539721  0.047600494279575 
 0.212176163304560  0.211980679863471  0.211576500898382  0.086374992290635  0.069448919395126  0.065546075751761  0.170296393018399  0.136293818526673  0.121354138938909  0.266790168814093  0.240099043028958  0.073226422981475  0.047600731028313 
 0.212176485159067  0.211981001743081  0.211576822344408  0.086375384861024  0.069449301432080  0.065546423005108  0.170296894273481  0.136294300891766  0.121354628937567  0.266790676389190  0.240099450471257  0.073226812970459  0.047601106650381 
 0.212177010500520  0.211981527127237  0.211577346992714  0.086376029750791  0.069449928544321  0.065546990667625  0.170297719322445  0.136295095041529  0.121355424660408  0.266791504920592  0.240100115501270  0.073227451850252  0.047601721196200 
 0.212177827568567  0.211982344262220  0.211578162992807  0.086377037435069  0.069450907754021  0.065547884077583  0.170299011078664  0.136296338907913  0.121356700985175  0.266792793928857  0.240101149808414  0.073228447503441  0.047602677616125 
 0.212179043435833  0.211983560227886  0.211579377298368  0.086378536426012  0.069452364337050  0.065549219172378  0.170300932846792  0.136298189504177  0.121358626545909  0.266794712276283  0.240102688944547  0.073229928460415  0.047604100103224 
 0.212180808122894  0.211985325056487  0.211581139732049  0.086380709566260  0.069454476249985  0.065551155779290  0.170303717996941  0.136300871386166  0.121361421404281  0.266797496490192  0.240104922827146  0.073232076449689  0.047606163739732 
 0.212183239730059  0.211987756858016  0.211583568238497  0.086383701872846  0.069457384515073  0.065553821623378  0.170307552068471  0.136304563153364  0.121365264864106  0.266801332844595  0.240108000963999  0.073235035133194  0.047609006723436 
 0.212185935309349  0.211990452653018  0.211586260376046  0.086387018708108  0.069460608272035  0.065556775276620  0.170311801700219  0.136308655005321  0.121369518876072  0.266805585632395  0.240111413270710  0.073238314968749  0.047612158465852 
 0.212188652951390  0.211993170512203  0.211588974548237  0.086390361020727  0.069463857022353  0.065559750223735  0.170316083161239  0.136312777372061  0.121373798037482  0.266809873143890  0.240114853521962  0.073241620860349  0.047615335690087 
 0.212191294124232  0.211995811895739  0.211591612350610  0.086393608005851  0.069467013281637  0.065562639656112  0.170320241924961  0.136316781511403  0.121377951250928  0.266814039966403  0.240118196984357  0.073244833091134  0.047618423221911 
 0.212193822955872  0.211998340928938  0.211594137956438  0.086396716247270  0.069470034756478  0.065565405395886  0.170324222707557  0.136320614247855  0.121381925548931  0.266818029544061  0.240121398244182  0.073247908367590  0.047621379280251 
 0.212196226264891  0.212000744429454  0.211596538200357  0.086399669937917  0.069472906031487  0.065568033530261  0.170328005440083  0.136324256285539  0.121385701680133  0.266821821097590  0.240124440612563  0.073250830862594  0.047624188559063 
 0.212198499162570  0.212003017508233  0.211598808199461  0.086402463231057  0.069475621403306  0.065570518892211  0.170331582702825  0.136327700490197  0.121389272431582  0.266825406918446  0.240127317899254  0.073253594717027  0.047626845388432 
 0.212200640031693  0.212005158547949  0.211600946338421  0.086405094197049  0.069478178988891  0.065572859772519  0.170334952047744  0.136330944507613  0.121392635404415  0.266828784454899  0.240130028055667  0.073256197995310  0.047629347892815 
 0.212202648622568  0.212007167298894  0.211602952367800  0.086407562550704  0.069480578507956  0.065575055920591  0.170338113118074  0.136333987995067  0.121395790260146  0.266831953311404  0.240132570764638  0.073258640404939  0.047631695783734 
 0.212204525226250  0.212009044052146  0.211604826578259  0.086409868659644  0.069482820316095  0.065577107665782  0.170341066388615  0.136336831409920  0.121398737485047  0.266834913945274  0.240134946393565  0.073260922304207  0.047633889400734 
 0.212206270297212  0.212010789262208  0.211606569423675  0.086412013088343  0.069484904960715  0.065579015512271  0.170343812584835  0.136339475450744  0.121401477813963  0.266837667071647  0.240137155516821  0.073263044247846  0.047635929273115 
 0.212207884271400  0.212012403365059  0.211608181339432  0.086413996377091  0.069486832965888  0.065580779942761  0.170346352400757  0.136341920785803  0.121404011950521  0.266840213376543  0.240139198685388  0.073265006767249  0.047637815908174 
 0.212209367469229  0.212013886681137  0.211609662645532  0.086415818923766  0.069488604717331  0.065582401313634  0.170348686347924  0.136344167907696  0.121406340417958  0.266842553363880  0.240141076304096  0.073266810253116  0.047639549678214 
 0.212210720032899  0.212015239352647  0.211611013483990  0.086417480907234  0.069490220387868  0.065583879787069  0.170350814657474  0.136346217039082  0.121408463462616  0.266844687256602  0.240142788552199  0.073268454879426  0.047641130747347 
 0.212211941878777  0.212016461295948  0.211612233771283  0.086418982229016  0.069491679880726  0.065585215279399  0.170352737205494  0.136348068060835  0.121410380980544  0.266846614921505  0.240144335323143  0.073269940545674  0.047642559015937 
 0.212212565577817  0.212017085045279  0.211612856670108  0.086419749905095  0.069492426019280  0.065585898172180  0.170353720813030  0.136349015158280  0.121411362414991  0.266847598957552  0.240145124879152  0.073270699633157  0.047643288515628 
