7.600484153423650e-01 7.600484153423650e-01 7.600484153423650e-01 7.600484153423650e-01 7.600484153423650e-01 7.600484153423650e-01 7.600484153423650e-01 7.600484153423650e-01 7.600484153423650e-01 7.600484153423650e-01 7.600484153423650e-01 7.600484153423650e-01 2.204628501177800e-02 
7.600484153423650e-01 7.600484153423650e-01 7.600484153423650e-01 7.600484153423650e-01 7.600484153423650e-01 7.600484153423650e-01 7.600484153423650e-01 7.600484153423650e-01 7.600484153423650e-01 7.600484153423650e-01 7.600484153423650e-01 7.600484153423650e-01 2.207106461224763e-02 
7.600484153423650e-01 7.600484153423650e-01 7.600484153423650e-01 7.600484153423650e-01 7.600484153423650e-01 7.600484153423650e-01 7.600484153423650e-01 7.600484153423650e-01 7.600484153423650e-01 7.600484153423650e-01 7.600484153423650e-01 7.600484153423650e-01 2.206905567944134e-02 
7.600484153423650e-01 7.600484153423650e-01 7.600484153423650e-01 7.600484153423650e-01 7.600484153423650e-01 7.600484153423650e-01 7.600484153423650e-01 7.600484153423650e-01 7.600484153423650e-01 7.600484153423650e-01 7.600484153423650e-01 7.600484153423650e-01 2.206531775913103e-02 
7.600484153423650e-01 7.600484153423650e-01 7.600484153423650e-01 7.600484153423650e-01 7.600484153423650e-01 7.600484153423650e-01 7.600484153423650e-01 7.600484153423650e-01 7.600484153423650e-01 7.600484153423650e-01 7.600484153423650e-01 7.600484153423650e-01 2.206065454873165e-02 
7.600484153423650e-01 7.600484153423650e-01 7.600484153423650e-01 7.600484153423650e-01 7.600484153423650e-01 7.600484153423650e-01 7.600484153423650e-01 7.600484153423650e-01 7.600484153423650e-01 7.600484153423650e-01 7.600484153423650e-01 7.600484153423650e-01 2.205563732813312e-02 
7.600484153423650e-01 7.600484153423650e-01 7.600484153423650e-01 7.600484153423650e-01 7.600484153423650e-01 7.600484153423650e-01 7.600484153423650e-01 7.600484153423650e-01 7.600484153423650e-01 7.600484153423650e-01 7.600484153423650e-01 7.600484153423650e-01 2.205118787184560e-02 
7.600484153423650e-01 7.600484153423650e-01 7.600484153423650e-01 7.600484153423650e-01 7.600484153423650e-01 7.600484153423650e-01 7.600484153423650e-01 7.600484153423650e-01 7.600484153423650e-01 7.600484153423650e-01 7.600484153423650e-01 7.600484153423650e-01 2.204856951003532e-02 
7.600484153423650e-01 7.600484153423650e-01 7.600484153423650e-01 7.600484153423650e-01 7.600484153423650e-01 7.600484153423650e-01 7.600484153423650e-01 7.600484153423650e-01 7.600484153423650e-01 7.600484153423650e-01 7.600484153423650e-01 7.600484153423650e-01 2.204854952228363e-02 
7.600484153423650e-01 7.600484153423650e-01 7.600484153423650e-01 7.600484153423650e-01 7.600484153423650e-01 7.600484153423650e-01 7.600484153423650e-01 7.600484153423650e-01 7.600484153423650e-01 7.600484153423650e-01 7.600484153423650e-01 7.600484153423650e-01 2.205065464052300e-02 
7.600484153423651e-01 7.600484153423651e-01 7.600484153423651e-01 7.600484153423651e-01 7.600484153423651e-01 7.600484153423651e-01 7.600484153423651e-01 7.600484153423651e-01 7.600484153423651e-01 7.600484153423651e-01 7.600484153423651e-01 7.600484153423651e-01 2.205388928688427e-02 
7.600484153423651e-01 7.600484153423651e-01 7.600484153423651e-01 7.600484153423651e-01 7.600484153423651e-01 7.600484153423651e-01 7.600484153423651e-01 7.600484153423651e-01 7.600484153423651e-01 7.600484153423651e-01 7.600484153423651e-01 7.600484153423651e-01 2.205798702751617e-02 
7.600484153423651e-01 7.600484153423651e-01 7.600484153423651e-01 7.600484153423651e-01 7.600484153423651e-01 7.600484153423651e-01 7.600484153423651e-01 7.600484153423651e-01 7.600484153423651e-01 7.600484153423651e-01 7.600484153423651e-01 7.600484153423651e-01 2.206344076509181e-02 
7.600484153423651e-01 7.600484153423651e-01 7.600484153423651e-01 7.600484153423651e-01 7.600484153423651e-01 7.600484153423651e-01 7.600484153423651e-01 7.600484153423651e-01 7.600484153423651e-01 7.600484153423651e-01 7.600484153423651e-01 7.600484153423651e-01 2.207102427797946e-02 
7.600484153423651e-01 7.600484153423651e-01 7.600484153423651e-01 7.600484153423651e-01 7.600484153423651e-01 7.600484153423651e-01 7.600484153423651e-01 7.600484153423651e-01 7.600484153423651e-01 7.600484153423651e-01 7.600484153423651e-01 7.600484153423651e-01 2.208158286497573e-02 
7.600484153423651e-01 7.600484153423651e-01 7.600484153423651e-01 7.600484153423651e-01 7.600484153423651e-01 7.600484153423651e-01 7.600484153423651e-01 7.600484153423651e-01 7.600484153423651e-01 7.600484153423651e-01 7.600484153423651e-01 7.600484153423651e-01 2.209476790822588e-02 
7.600484153423651e-01 7.600484153423651e-01 7.600484153423651e-01 7.600484153423651e-01 7.600484153423651e-01 7.600484153423651e-01 7.600484153423651e-01 7.600484153423651e-01 7.600484153423651e-01 7.600484153423651e-01 7.600484153423651e-01 7.600484153423651e-01 2.210990401819280e-02 
7.600484153423651e-01 7.600484153423651e-01 7.600484153423651e-01 7.600484153423651e-01 7.600484153423651e-01 7.600484153423651e-01 7.600484153423651e-01 7.600484153423651e-01 7.600484153423651e-01 7.600484153423651e-01 7.600484153423651e-01 7.600484153423651e-01 2.212623490045676e-02 
7.600484153423651e-01 7.600484153423651e-01 7.600484153423651e-01 7.600484153423651e-01 7.600484153423651e-01 7.600484153423651e-01 7.600484153423651e-01 7.600484153423651e-01 7.600484153423651e-01 7.600484153423651e-01 7.600484153423651e-01 7.600484153423651e-01 2.214301296976903e-02 
7.600484153423651e-01 7.600484153423651e-01 7.600484153423651e-01 7.600484153423651e-01 7.600484153423651e-01 7.600484153423651e-01 7.600484153423651e-01 7.600484153423651e-01 7.600484153423651e-01 7.600484153423651e-01 7.600484153423651e-01 7.600484153423651e-01 2.215952108064679e-02 
7.600484153423651e-01 7.600484153423651e-01 7.600484153423651e-01 7.600484153423651e-01 7.600484153423651e-01 7.600484153423651e-01 7.600484153423651e-01 7.600484153423651e-01 7.600484153423651e-01 7.600484153423651e-01 7.600484153423651e-01 7.600484153423651e-01 2.217503013960930e-02 
7.600484153423651e-01 7.600484153423651e-01 7.600484153423651e-01 7.600484153423651e-01 7.600484153423651e-01 7.600484153423651e-01 7.600484153423651e-01 7.600484153423651e-01 7.600484153423651e-01 7.600484153423651e-01 7.600484153423651e-01 7.600484153423651e-01 2.218842191310879e-02 
7.600484153423651e-01 7.600484153423651e-01 7.600484153423651e-01 7.600484153423651e-01 7.600484153423651e-01 7.600484153423651e-01 7.600484153423651e-01 7.600484153423651e-01 7.600484153423651e-01 7.600484153423651e-01 7.600484153423651e-01 7.600484153423651e-01 2.219893782306480e-02 
7.600484153423651e-01 7.600484153423651e-01 7.600484153423651e-01 7.600484153423651e-01 7.600484153423651e-01 7.600484153423651e-01 7.600484153423651e-01 7.600484153423651e-01 7.600484153423651e-01 7.600484153423651e-01 7.600484153423651e-01 7.600484153423651e-01 2.220166610380876e-02 
