8.327897607412290e-01 8.327897607412290e-01 8.327897607412290e-01 8.327897607412290e-01 8.327897607412290e-01 8.327897607412290e-01 8.327897607412290e-01 7.793620762277050e-01 7.073662830028900e-02 1.723952864272300e-02 7.238913100568000e-03 3.675150142659000e-03 1.287680001010000e-03 
8.327897607412290e-01 8.327897607412290e-01 8.327897607412290e-01 8.327897607412290e-01 8.327897607412290e-01 8.327897607412290e-01 8.327897607412290e-01 7.793448405793969e-01 7.060497041544879e-02 1.720089588008221e-02 7.225646569470759e-03 3.669556733238859e-03 1.286125806304375e-03 
8.327897607412290e-01 8.327897607412290e-01 8.327897607412290e-01 8.327897607412290e-01 8.327897607412290e-01 8.327897607412290e-01 8.327897607412290e-01 7.793275929621853e-01 7.051806449389811e-02 1.720592052794197e-02 7.228214697223060e-03 3.670597983651393e-03 1.286393727011949e-03 
8.327897607412289e-01 8.327897607412289e-01 8.327897607412290e-01 8.327897607412290e-01 8.327897607412290e-01 8.327897607412290e-01 8.327897607412290e-01 7.793149211057456e-01 7.048368460066656e-02 1.721122086999338e-02 7.229836253649679e-03 3.671264395885680e-03 1.286571802826125e-03 
8.327897607412289e-01 8.327897607412289e-01 8.327897607412290e-01 8.327897607412290e-01 8.327897607412290e-01 8.327897607412290e-01 8.327897607412290e-01 7.792992655957889e-01 7.047251867370920e-02 1.721681533197762e-02 7.231577470915921e-03 3.671997083698417e-03 1.286773744127863e-03 
8.327897607412289e-01 8.327897607412289e-01 8.327897607412290e-01 8.327897607412290e-01 8.327897607412290e-01 8.327897607412290e-01 8.327897607412290e-01 7.792808786152561e-01 7.049488397238400e-02 1.722241426952271e-02 7.233387965695930e-03 3.672773279282212e-03 1.286993183506423e-03 
8.327897607412288e-01 8.327897607412288e-01 8.327897607412290e-01 8.327897607412290e-01 8.327897607412290e-01 8.327897607412290e-01 8.327897607412290e-01 7.792609323814693e-01 7.054905881973854e-02 1.722788466136018e-02 7.235184830583703e-03 3.673549684003471e-03 1.287215939144905e-03 
8.327897607412287e-01 8.327897607412287e-01 8.327897607412290e-01 8.327897607412290e-01 8.327897607412290e-01 8.327897607412290e-01 8.327897607412290e-01 7.792416547709200e-01 7.061559465250551e-02 1.723247926839155e-02 7.236692965956141e-03 3.674204720038856e-03 1.287407055496999e-03 
8.327897607412287e-01 8.327897607412287e-01 8.327897607412289e-01 8.327897607412289e-01 8.327897607412289e-01 8.327897607412289e-01 8.327897607412289e-01 7.792247865825355e-01 7.066003792965510e-02 1.723469611229994e-02 7.237436373907617e-03 3.674540360898747e-03 1.287512737557663e-03 
8.327897607412286e-01 8.327897607412286e-01 8.327897607412289e-01 8.327897607412289e-01 8.327897607412289e-01 8.327897607412289e-01 8.327897607412289e-01 7.792057250846857e-01 7.066342800539079e-02 1.723407577499923e-02 7.237285104515711e-03 3.674505202014691e-03 1.287519529360880e-03 
8.327897607412287e-01 8.327897607412287e-01 8.327897607412289e-01 8.327897607412289e-01 8.327897607412289e-01 8.327897607412289e-01 8.327897607412289e-01 7.791723177564568e-01 7.062748533171928e-02 1.723100129756193e-02 7.236374799860370e-03 3.674158802603557e-03 1.287444220738534e-03 
8.327897607412286e-01 8.327897607412286e-01 8.327897607412288e-01 8.327897607412288e-01 8.327897607412288e-01 8.327897607412288e-01 8.327897607412288e-01 7.791089425357219e-01 7.056477297175184e-02 1.722618151871552e-02 7.234934883094651e-03 3.673598757844323e-03 1.287314009725296e-03 
8.327897607412287e-01 8.327897607412287e-01 8.327897607412287e-01 8.327897607412287e-01 8.327897607412287e-01 8.327897607412287e-01 8.327897607412287e-01 7.790010221954715e-01 7.047755779185216e-02 1.721956459108976e-02 7.232960087871113e-03 3.672828615287565e-03 1.287132947225694e-03 
8.327897607412286e-01 8.327897607412286e-01 8.327897607412287e-01 8.327897607412287e-01 8.327897607412287e-01 8.327897607412287e-01 8.327897607412287e-01 7.788339843645177e-01 7.035425593602944e-02 1.721023286817831e-02 7.230179237900567e-03 3.671744300590096e-03 1.286877612280751e-03 
8.327897607412288e-01 8.327897607412288e-01 8.327897607412287e-01 8.327897607412287e-01 8.327897607412287e-01 8.327897607412287e-01 8.327897607412287e-01 7.785896766401007e-01 7.017913087925623e-02 1.719697154257590e-02 7.226228712123398e-03 3.670203905362907e-03 1.286514692761320e-03 
8.327897607412285e-01 8.327897607412285e-01 8.327897607412287e-01 8.327897607412287e-01 8.327897607412287e-01 8.327897607412287e-01 8.327897607412287e-01 7.782546812171123e-01 6.994155008806777e-02 1.717893472382461e-02 7.220853989420852e-03 3.668107664644194e-03 1.286020570273389e-03 
8.327897607412287e-01 8.327897607412287e-01 8.327897607412287e-01 8.327897607412287e-01 8.327897607412287e-01 8.327897607412287e-01 8.327897607412287e-01 7.778857314364617e-01 6.968200290111240e-02 1.715917284347318e-02 7.214961735489989e-03 3.665808625273557e-03 1.285478301449984e-03 
8.327897607412285e-01 8.327897607412285e-01 8.327897607412287e-01 8.327897607412287e-01 8.327897607412287e-01 8.327897607412287e-01 8.327897607412287e-01 7.775149900709845e-01 6.942295428168173e-02 1.713937564004393e-02 7.209055427031970e-03 3.663503301295210e-03 1.284934320410980e-03 
8.327897607412287e-01 8.327897607412287e-01 8.327897607412287e-01 8.327897607412287e-01 8.327897607412287e-01 8.327897607412287e-01 8.327897607412287e-01 7.771549356358803e-01 6.917329944697158e-02 1.712022734514556e-02 7.203339453237236e-03 3.661271547164789e-03 1.284407501272879e-03 
8.327897607412285e-01 8.327897607412285e-01 8.327897607412287e-01 8.327897607412287e-01 8.327897607412287e-01 8.327897607412287e-01 8.327897607412287e-01 7.768099818456271e-01 6.893612425047725e-02 1.710197784212314e-02 7.197888851678544e-03 3.659142738642972e-03 1.283904792543129e-03 
8.327897607412287e-01 8.327897607412287e-01 8.327897607412287e-01 8.327897607412287e-01 8.327897607412287e-01 8.327897607412287e-01 8.327897607412287e-01 7.764818027235603e-01 6.871240787992255e-02 1.708471516013538e-02 7.192730396792432e-03 3.657127423228033e-03 1.283428704112574e-03 
8.327897607412285e-01 8.327897607412285e-01 8.327897607412286e-01 8.327897607412286e-01 8.327897607412286e-01 8.327897607412286e-01 8.327897607412286e-01 7.761710734260318e-01 6.850233955678324e-02 1.706846426697907e-02 7.187872015864225e-03 3.655228796599477e-03 1.282980016719752e-03 
8.327897607412287e-01 8.327897607412287e-01 8.327897607412286e-01 8.327897607412286e-01 8.327897607412286e-01 8.327897607412286e-01 8.327897607412286e-01 7.758780661327207e-01 6.830580751962442e-02 1.705322499805117e-02 7.183314087440414e-03 3.653447103908819e-03 1.282558816138955e-03 
8.327897607412285e-01 8.327897607412285e-01 8.327897607412286e-01 8.327897607412286e-01 8.327897607412286e-01 8.327897607412286e-01 8.327897607412286e-01 7.756028757449321e-01 6.812258634271361e-02 1.703898712377745e-02 7.179053940500176e-03 3.651781392785137e-03 1.282164904582458e-03 
8.327897607412287e-01 8.327897607412287e-01 8.327897607412286e-01 8.327897607412286e-01 8.327897607412286e-01 8.327897607412286e-01 8.327897607412286e-01 7.753455240220646e-01 6.795241887175169e-02 1.702573706750845e-02 7.175087865719213e-03 3.650230297779792e-03 1.281797984922089e-03 
8.327897607412285e-01 8.327897607412285e-01 8.327897607412286e-01 8.327897607412286e-01 8.327897607412286e-01 8.327897607412286e-01 8.327897607412286e-01 7.751060079009769e-01 6.779505184007638e-02 1.701346087031832e-02 7.171412006179203e-03 3.648792388483405e-03 1.281457742674037e-03 
8.327897607412286e-01 8.327897607412286e-01 8.327897607412286e-01 8.327897607412286e-01 8.327897607412286e-01 8.327897607412286e-01 8.327897607412286e-01 7.748843234564805e-01 6.765025224178473e-02 1.700214557282892e-02 7.168022773979064e-03 3.647466332712865e-03 1.281143884543014e-03 
8.327897607412288e-01 8.327897607412288e-01 8.327897607412286e-01 8.327897607412286e-01 8.327897607412286e-01 8.327897607412286e-01 8.327897607412286e-01 7.746804788190561e-01 6.751781534199540e-02 1.699177990668278e-02 7.164917059703941e-03 3.646250978822739e-03 1.280856157950800e-03 
8.327897607412285e-01 8.327897607412285e-01 8.327897607412286e-01 8.327897607412286e-01 8.327897607412286e-01 8.327897607412286e-01 8.327897607412286e-01 7.744945027327123e-01 6.739756944570481e-02 1.698235471410529e-02 7.162092360024546e-03 3.645145405991615e-03 1.280594363017608e-03 
8.327897607412286e-01 8.327897607412286e-01 8.327897607412286e-01 8.327897607412286e-01 8.327897607412286e-01 8.327897607412286e-01 8.327897607412286e-01 7.743264511397021e-01 6.728937928187365e-02 1.697386324888460e-02 7.159546869449955e-03 3.644148960460819e-03 1.280358361229052e-03 
8.327897607412288e-01 8.327897607412288e-01 8.327897607412286e-01 8.327897607412286e-01 8.327897607412286e-01 8.327897607412286e-01 8.327897607412286e-01 7.742423237943034e-01 6.723492430815387e-02 1.696958770902363e-02 7.158263540300222e-03 3.643646138997833e-03 1.280239117807721e-03 
