 6.316220100430746  6.301197724567442  6.056038382176105  2.517529793175934  2.364449463151050  2.581433617487182  1.640858544759292  1.493959762493546  1.305705916926435  3.883770249896028  5.054490394086170  2.190930116023212  2.155230312503945 
 6.310562144606691  6.295407796342340  6.050359731383025  2.516100660553750  2.362988809404427  2.580209873794373  1.640576550739664  1.493488152858995  1.304964618434518  3.880126748947458  5.049817800787444  2.189656201050845  2.155177941273942 
 6.310581977600118  6.295574939894304  6.050383521002749  2.514483776286798  2.361364046163134  2.578531644157649  1.639923672141568  1.492830702284399  1.304358094782868  3.880175595098046  5.049808662941620  2.188100561861523  2.154151031738172 
 6.310360175191804  6.295810185321232  6.050185785903114  2.514035396312618  2.360925555646388  2.578016687365613  1.639475765232299  1.492438216696368  1.303990301796373  3.880229676476957  5.049626886298779  2.187689888273225  2.153776674976841 
 6.310236432520679  6.295599331454975  6.049705483839777  2.513593916124339  2.360547049941156  2.577486853355405  1.638996090708954  1.492045755456061  1.303591678076321  3.880092682746438  5.049348337288742  2.187297992707340  2.153321792060781 
 6.309965211228305  6.295484742493478  6.049665933103292  2.513185964100368  2.360240949866719  2.577053861661951  1.638464341397117  1.491636345446034  1.303158629516598  3.879881700892013  5.049364124961533  2.187006718757339  2.152855332026945 
 6.309743784996119  6.295204515696020  6.049810575370124  2.512994121838858  2.360147864405906  2.576906475959574  1.637844124780476  1.491204728906081  1.302706500494089  3.879672990078381  5.049488813393866  2.186926504871433  2.152374713355653 
 6.309648739159973  6.294714095078181  6.049442097792809  2.512908769676520  2.360075801061809  2.576756595568025  1.637350838026913  1.490788598548305  1.302312760557619  3.879685238452184  5.049586315011130  2.186917566716725  2.151920488646125 
 6.309569602259964  6.294778901058177  6.049431158982191  2.512835044653040  2.360049576651573  2.576672605615051  1.637001037629453  1.490388906168187  1.302012937188167  3.879581880384492  5.049633294689173  2.186887945182397  2.151534749456855 
 6.309627962242224  6.294750195413894  6.049469044907125  2.512857209266116  2.360028204279820  2.576711584778890  1.636741172068341  1.490112034928419  1.301852483692625  3.879603687444986  5.049565309115073  2.186856374476208  2.151252485084837 
 6.309683233172968  6.294773329454951  6.049541503988781  2.512887419274351  2.360016952115349  2.576757900124209  1.636592033352582  1.489887238569411  1.301775845911308  3.879632193946755  5.049530092083496  2.186843526038529  2.151007631945916 
 6.309838859240741  6.294860793675611  6.049728459368413  2.512972661503777  2.360029347976049  2.576887512828510  1.636461023372366  1.489767250806272  1.301725578845138  3.879729861975230  5.049380508312802  2.186811185525178  2.150861100549656 
 6.310064034207742  6.295049557352717  6.049985166891954  2.513101948724154  2.360123850864333  2.577051910941951  1.636474924968638  1.489752342473350  1.301761491179031  3.879877956279207  5.049458569330223  2.186887477029408  2.150857457498490 
 6.310337005928089  6.295313111094721  6.050266533760473  2.513261393753609  2.360288672008395  2.577233058684627  1.636548398494257  1.489814576720794  1.301823110537826  3.880053547106618  5.049816638274327  2.187082564550372  2.151012679566552 
 6.310610715878145  6.295585604595587  6.050533942121612  2.513430100089331  2.360445186863004  2.577407547717247  1.636643572774229  1.489905394112283  1.301923494672886  3.880239019022720  5.049968050337266  2.187212878628305  2.151154660803027 
 6.310755964638269  6.295733915930350  6.050675155247792  2.513527453643667  2.360546373476887  2.577508441737203  1.636754975758497  1.490012177582776  1.301946610419845  3.880339646247932  5.050132975411057  2.187314138274053  2.151316221014719 
 6.310860774247624  6.295839865998876  6.050777115157200  2.513595932590387  2.360612760560610  2.577579958493958  1.636773415470193  1.490034426667284  1.301977171114223  3.880409739777130  5.050200919902317  2.187373186946832  2.151345827936111 
 6.310917731605453  6.295899060303711  6.050831884286390  2.513636554190388  2.360654476756841  2.577621804334627  1.636803875513853  1.490064085562137  1.301991487658483  3.880448180943648  5.050258790222951  2.187413022409495  2.151389862105824 
 6.310952842413828  6.295935860701540  6.050865467564079  2.513661059797855  2.360679611668989  2.577646703664699  1.636814980333026  1.490076472575479  1.302001036772264  3.880470108948226  5.050284124361247  2.187436500474170  2.151408082066469 
 6.310979882577000  6.295965375860860  6.050890868499021  2.513680083667401  2.360700103246077  2.577665378983578  1.636826491278580  1.490088372929990  1.302007621190596  3.880485699843014  5.050309228008861  2.187456468431266  2.151427066279601 
 6.311019962150030  6.296008418111125  6.050928861218475  2.513705579202991  2.360727286912008  2.577690370303249  1.636840272548587  1.490102988714390  1.302016414257798  3.880508296379906  5.050342427208226  2.187482966956609  2.151451138602586 
 6.311074986142255  6.296067377765769  6.050980893890765  2.513740197458324  2.360764145312071  2.577724178891379  1.636859562386734  1.490123142840670  1.302028297789515  3.880539693084175  5.050389617547951  2.187518981497769  2.151484480649804 
 6.311143462793425  6.296140426113845  6.051045727084845  2.513782141016705  2.360808637218708  2.577765153015145  1.636882828608644  1.490147431747128  1.302042823140553  3.880578756768700  5.050447199694209  2.187562351960162  2.151524462415099 
 6.311217446366528  6.296218859164721  6.051115813992830  2.513825606435728  2.360854407295381  2.577807708427604  1.636907251309230  1.490172658785085  1.302058169561386  3.880621002985371  5.050508862868329  2.187606764691068  2.151565499639732 
 6.311286793299232  6.296292147703850  6.051181541154994  2.513865439902587  2.360896173293150  2.577846766881017  1.636929757457634  1.490195786555918  1.302072418783258  3.880660653490245  5.050566319094113  2.187647199047345  2.151602905285052 
 6.311345545547998  6.296354031065219  6.051237243236863  2.513898415959728  2.360930598526120  2.577879143611022  1.636948512058237  1.490214947056392  1.302084355912115  3.880694266361485  5.050614732966223  2.187680443595351  2.151633694851556 
 6.311390535389186  6.296401270019225  6.051279913891832  2.513923088413356  2.360956236554394  2.577903404345729  1.636962635523946  1.490229291973197  1.302093404146744  3.880720028699794  5.050651605039956  2.187705138711904  2.151656597172458 
 6.311413794718982  6.296424376252520  6.051302151319256  2.513931982541538  2.360964540966514  2.577912503451672  1.636968343571682  1.490234479749196  1.302097586291683  3.880733503637253  5.050669016079721  2.187712647256158  2.151663719949115 
