 3.644229585330585  3.602078365679946  3.468026428471460  1.124798715534542  1.014738813708317  1.134062064472054  0.829532522527223  0.730136601957643  0.673641884747679  2.178436831245123  2.784818323274504  0.906781321259928  0.829477644853776 
 3.644683387636985  3.602553144533490  3.468474681070004  1.124855963027545  1.014769150893430  1.134122887760893  0.829528418666403  0.730171041312068  0.673666475431177  2.178613622326466  2.785121649737738  0.906802739228106  0.829438816739836 
 3.644596993792868  3.602481543065315  3.468367874975604  1.124898050377960  1.014819281614791  1.134180920380584  0.829566067843853  0.730196939262838  0.673687344050765  2.178580482243435  2.785054710685248  0.906848720531294  0.829494052142592 
 3.644655710401726  3.602527176296067  3.468437262873076  1.124945720753826  1.014859810831316  1.134188923276281  0.829580273263213  0.730212469037043  0.673704010310630  2.178600014706239  2.785110524627856  0.906884221770474  0.829503526986531 
 3.644644216520145  3.602508326662107  3.468429341161825  1.124965586341609  1.014878540828223  1.134222948789058  0.829596422187847  0.730225291000200  0.673720742634836  2.178591425114472  2.785116726297389  0.906904858792978  0.829523721301080 
 3.644661146009496  3.602514738898080  3.468459901170065  1.124979820052469  1.014889935621163  1.134241052160927  0.829612332964716  0.730238342690832  0.673738488161974  2.178592782754039  2.785141992508554  0.906919573221211  0.829545717083823 
 3.644650568775644  3.602501225267478  3.468456988638805  1.124980025173044  1.014889079323091  1.134248839666886  0.829629416353724  0.730252233295410  0.673753564576214  2.178586709606333  2.785136425458144  0.906921453472289  0.829564653786307 
 3.644632777572025  3.602482051770314  3.468443482234239  1.124970954389100  1.014878970790990  1.134241251359314  0.829646044250916  0.730265686659296  0.673763455518145  2.178576539132838  2.785116618445125  0.906912051072442  0.829575354908427 
 3.644597751030721  3.602446575363035  3.468406721846719  1.124954923550070  1.014862182560372  1.134222010774967  0.829656735087766  0.730273901443855  0.673767587592582  2.178557595408762  2.785081131795271  0.906894956133386  0.829575639542584 
 3.644553860499375  3.602402636312926  3.468360983630169  1.124932101097297  1.014839895375583  1.134195607977407  0.829655852306764  0.730272691802044  0.673765759915869  2.178532420986005  2.785041774409076  0.906872803573017  0.829565255497683 
 3.644499195259270  3.602348613485996  3.468305376268214  1.124901754469622  1.014811408531341  1.134162998326728  0.829643622069633  0.730262292945188  0.673757103335910  2.178501354007558  2.784996314448124  0.906844878698407  0.829544139564590 
 3.644432289405035  3.602282066948200  3.468237434696581  1.124862921700461  1.014775158466730  1.134121420548888  0.829622245170568  0.730244317522300  0.673739882513886  2.178462830612083  2.784943569822357  0.906809623508964  0.829513164200593 
 3.644338371899271  3.602188597710810  3.468140548393639  1.124809196085846  1.014724793424851  1.134062651488295  0.829590869021588  0.730217792218590  0.673712511437691  2.178409265762836  2.784869432663742  0.906760509669406  0.829468334713661 
 3.644201236184241  3.602052006085869  3.467999397441254  1.124731467407253  1.014651812670763  1.133977593975672  0.829545346521882  0.730179220996356  0.673672572978266  2.178331230999159  2.784761233451574  0.906689247475637  0.829403014060432 
 3.644003553380263  3.601855087145319  3.467795877058357  1.124619908069239  1.014546998692331  1.133855668939143  0.829480044579696  0.730123843060205  0.673615507254538  2.178218820029470  2.784605334615141  0.906586879202705  0.829309165465493 
 3.643729452154291  3.601582017310930  3.467514406954382  1.124467432230110  1.014403783622756  1.133689256868260  0.829390675260751  0.730048046311069  0.673537728400582  2.178063278671932  2.784390147076235  0.906447170063677  0.829181159555296 
 3.643411019342382  3.601264747562968  3.467190999433947  1.124301134937124  1.014248071097365  1.133508747348803  0.829292137808738  0.729964630527531  0.673452688157523  2.177883768629261  2.784145271334852  0.906296323876589  0.829043412342087 
 3.643092402763604  3.600947387161039  3.466867088588771  1.124135154578182  1.014092640587931  1.133328673788428  0.829193588690557  0.729881170687921  0.673367939863280  2.177703551842970  2.783898472958110  0.906145707020964  0.828905803749141 
 3.642781402544716  3.600637539392867  3.466551581854950  1.123974831364848  1.013942542830158  1.133154882772688  0.829098349458953  0.729800541191169  0.673286181002646  2.177528059633449  2.783658906014452  0.906000358071038  0.828773070861016 
 3.642485148294711  3.600342373344358  3.466250859051311  1.123822057091314  1.013799477161632  1.132989275880949  0.829007593275679  0.729723694190637  0.673208320760486  2.177360726869424  2.783430115548072  0.905861789710346  0.828646517492728 
 3.642203937420774  3.600062142917496  3.465965555884114  1.123677437095539  1.013664029079143  1.132832530344490  0.828921687884404  0.729650951029149  0.673134650455829  2.177202057133340  2.783213299328646  0.905730603749759  0.828526713715812 
 3.641938860262632  3.599797961437574  3.465696581469354  1.123541160218664  1.013536370216504  1.132684830920640  0.828840742716797  0.729582399446433  0.673065253284595  2.177052479821715  2.783008785929074  0.905606952435559  0.828413788191012 
 3.641689697459849  3.599549605030139  3.465443800274840  1.123413228775852  1.013416510070388  1.132546185000206  0.828764758328194  0.729518042817550  0.673000126626816  2.176911957150624  2.782816653531976  0.905490852072573  0.828307759119912 
 3.641456488032806  3.599317124245291  3.465207208635192  1.123293580058123  1.013304393158883  1.132416522071672  0.828693694654155  0.729457847958563  0.672939234016151  2.176780455965234  2.782636809843479  0.905382249199550  0.828208576958472 
 3.641239005202266  3.599100296049360  3.464986599126553  1.123182125514584  1.013199941353010  1.132295747595220  0.828627496743124  0.729401770046597  0.672882527115544  2.176657865520864  2.782469140500713  0.905281071250413  0.828116176548986 
 3.641037107060928  3.598898985749810  3.464781820553409  1.123078774760820  1.013103073955435  1.132183763864645  0.828566108212562  0.729349762673583  0.672829956580473  2.176544087488987  2.782313509475333  0.905187242181886  0.828030489016292 
 3.640850616435762  3.598713021015949  3.464592700574622  1.122983444553328  1.013013716898713  1.132080481562271  0.828509477108195  0.729301783222703  0.672781477034075  2.176439022146524  2.782169795816831  0.905100692623799  0.827951451784921 
 3.640679400662689  3.598542274433922  3.464419105367386  1.122896064546005  1.012931807803307  1.131985825152279  0.828457559189761  0.729257795477058  0.672737049765854  2.176342586647998  2.782037892994122  0.905021364265405  0.827879012270620 
 3.640523346542875  3.598386637059625  3.464260924032626  1.122816580538653  1.012857299139889  1.131899736709238  0.828410319932850  0.729217771369591  0.672696644420269  2.176254714028689  2.781917719095488  0.904949213087961  0.827813130927232 
 3.640382380826023  3.598246039581409  3.464118084797734  1.122744957120460  1.012790160666679  1.131822178648294  0.828367736068199  0.729181692264165  0.672660240282371  2.176175358329033  2.781809218553918  0.904884211657303  0.827753783297054 
 3.640294199838985  3.598158100390164  3.464032415895300  1.122710645523308  1.012758540581329  1.131786068492556  0.828346106289687  0.729163564132172  0.672642277647339  2.176126848876311  2.781746069073766  0.904854684926523  0.827727277014875 
