574.445823426034394 
574.539272916273489 
574.595486269221851 
574.655728326476037 
574.682460547375058 
574.701938438873526 
574.721665562548651 
574.740819893817161 
574.767494928201700 
574.801447654992558 
574.854131719407519 
574.920896453610226 
574.988324892273113 
575.052975601331127 
575.115427424070845 
575.176963795442134 
575.238596165927220 
575.301079015944765 
575.365105921969075 
575.431528157729531 
575.501644561490480 
575.577777665290796 
575.664944581217583 
575.778190861896178 
575.859037449808397 
575.926544156796581 
575.984562001418908 
576.035937676290587 
576.082829762858864 
576.126615242450498 
576.168226684731962 
576.208298038164685 
576.247543471045446 
576.293721435173893 
576.343453621914932 
576.396482324556359 
576.452411321332761 
576.511033744681413 
576.572316973490160 
576.636354022757473 
576.703412383180080 
576.765624904903461 
576.833471475262854 
576.906299433857612 
576.971803326585700 
577.045794248717357 
577.118484967595919 
577.197401846744924 
577.274288893905691 
577.360969897680775 
577.443402781358486 
577.525585224185988 
577.618685148531540 
577.708472495073693 
577.807443950096058 
577.901695790348867 
578.002010860012547 
578.098830930026566 
578.198652526469687 
578.321448717121825 
578.442803615676439 
578.572391091851046 
578.702165766329585 
578.739252874053477 
578.769792925501861 
578.797277413778261 
578.822648499159641 
578.846574908610592 
578.869496542855927 
578.891703034305579 
578.913377839187547 
578.934639153017770 
578.955563540977778 
578.976200757807192 
578.996583014245516 
579.016730957874074 
579.036657570334341 
579.056370723492364 
579.075874861960529 
579.095172112687465 
579.114263016481459 
579.133147009413051 
579.151822737853422 
579.170288263032944 
579.188541190210458 
579.206578748375932 
579.224397835609921 
579.241995039800486 
579.259366642621444 
579.276508610407859 
579.293416574905791 
579.310085804939490 
579.326511170017397 
579.342687095457791 
579.358607508833188 
579.374265776830498 
579.389654630960308 
579.404766080108061 
579.419591308373128 
579.434120554112496 
579.448342968824591 
579.462246448547148 
579.475817435070212 
579.489040679632581 
579.501898960811445 
579.508370458145123 
579.503340143435366 
579.504824107391983 
579.601375787124425 
579.870901941539046 
580.093807164556210 
580.339808823692579 
580.613794178316425 
580.918112315497979 
581.245886401560483 
581.601651659327672 
581.990136418506609 
582.407317253742576 
582.852022711480799 
583.323563801804539 
586.506679459814904 
593.196729366539216 
598.876848689627082 
603.377011877830910 
608.067333817712210 
612.058348031559490 
615.363812170125470 
619.158460705541188 
621.861801701447803 
624.071633357460428 
626.396606011273548 
629.708199211104329 
633.304394919270180 
635.062782223840827 
636.725642960787241 
638.287325037538722 
639.382630577741111 
641.091158373337521 
642.049953241080516 
643.295664504464185 
644.429346281713265 
645.576581987224017 
646.614960310918605 
647.369747198897244 
648.031907198810700 
648.704113918250187 
649.355702804999169 
649.674638513380501 
649.987911573363817 
650.532933732845322 
651.028672531784196 
651.495535825181037 
651.942719357555461 
652.370922186052553 
652.780118537686690 
653.171484265227036 
653.544063764372936 
653.756932952219358 
653.974420884765209 
654.367009651398803 
654.712507801484776 
655.027699196247454 
655.323032111569887 
655.603971588854620 
655.871997290929698 
656.130512315424994 
656.370780574632022 
656.577079186621177 
656.775272116941210 
656.967303906065354 
657.153578670917454 
657.336691525118340 
657.516011305318671 
657.691924622918805 
657.864690468000390 
658.034534808965304 
658.201660419340101 
658.363120437107796 
658.524437785356668 
658.681890299284532 
658.838084376720531 
658.992153398548339 
659.144335307159508 
659.294723200609155 
659.443384357315608 
659.590372468307578 
659.735731052330607 
659.879502646079914 
660.021734713769433 
660.162523284221152 
660.301301272700357 
660.439933837165881 
660.572211074331790 
660.708569562233833 
660.848632971150096 
660.987044618883374 
661.123848291525519 
661.259050270462126 
661.392649218079328 
661.524643232550602 
661.655030964106004 
661.783811840842873 
661.910986208419899 
662.036555465339234 
662.160522184581055 
662.282896014866765 
662.403771247376767 
662.523091774419868 
662.640830429300877 
662.756990385991458 
662.871582295589064 
662.984619245809654 
663.096115724363244 
663.206087423424265 
663.314551192717545 
663.421525001935152 
663.527027890431441 
663.631079905714046 
663.733702033473946 
663.834916122747813 
663.934744807662696 
664.033211427248943 
664.130339944846355 
664.226154867399941 
664.320681166052964 
664.413944197904016 
664.505969630394020 
664.596783367848275 
664.686411481141818 
664.774880140392725 
664.862215551423333 
664.948443895566356 
665.033591273344882 
665.117683651617767 
665.200746815205321 
665.282806321504495 
665.363887459414968 
665.444015211955843 
665.523214222044317 
665.601508762383787 
665.678922708095797 
665.755479513101704 
665.831202189144619 
665.906113288058691 
665.980234886531207 
666.053588573648767 
666.126195440780180 
666.198076073774814 
666.269250547209367 
666.339738420547178 
666.409558736130748 
666.478730018872170 
666.547270277328380 
666.615197006221138 
666.682527190087967 
666.749277308145793 
666.815463340145357 
666.881100772946411 
666.946204607999221 
667.010789369439408 
667.074869112835017 
667.138457434322731 
667.201567480283302 
667.264211957236625 
667.326403142191680 
667.388152892861626 
667.449472658727473 
667.510373491340715 
667.570866055361307 
667.630960639328578 
667.690667166605067 
667.749995205925643 
667.808953982366234 
667.867552387815294 
667.925798991450961 
667.983702050114061 
668.041269518609397 
668.098509059518278 
668.155428053198420 
668.212033607266335 
668.268332566032541 
668.324331519825591 
668.380036813784045 
668.435454556709260 
668.490590629516532 
668.545450693603584 
668.600040198747024 
668.654359827878352 
668.708439851881508 
668.762265908774339 
668.815840800788237 
668.869168976181982 
668.922254884012091 
668.975102786348202 
669.027716759011128 
669.080100707362249 
669.132258380019493 
669.184193379413955 
669.235909170482159 
669.287409087903484 
669.338696342328831 
669.389774025860561 
669.440645117371673 
669.491309883223266 
669.541762035781403 
669.592015901018044 
669.642074542627824 
669.691940337034566 
669.741615572213732 
669.791102486624254 
669.840403262854466 
669.889520021812473 
669.938454819477556 
669.987209646199972 
670.035786427076346 
670.084187023295613 
670.132413233936518 
670.180466797954750 
670.228349396255794 
670.276062654052907 
670.323608142804915 
670.370987382502676 
670.418201843722613 
670.465252949665341 
670.512142077945555 
670.558870562569041 
670.605439695689256 
670.651850729352645 
670.698104877055016 
670.744203315361460 
670.790147185444653 
670.835937594422148 
670.881575616906161 
670.927062296128497 
670.972398645451790 
671.017585649312423 
671.062624264658325 
671.107515421925427 
671.152260026085060 
671.196858957689869 
671.241313074018763 
671.285623209679898 
671.329790177881478 
671.373814771101252 
671.417697761992940 
671.461439904017766 
671.505041932444556 
671.548504564920677 
671.591828502231806 
671.635014428963473 
671.678063014175791 
671.720974911934491 
671.763750761998381 
671.806391190301611 
671.848896809516418 
671.891268219681251 
671.933506008553877 
671.975610752184707 
672.017583015283435 
672.059423351744044 
672.101132305075907 
672.142710408727226 
672.184158186526133 
672.225476152943656 
672.266664813719331 
672.307724665855062 
672.348656198215963 
672.389459891716115 
672.430136219611313 
672.470685647879577 
672.511108635364621 
672.551405634184903 
672.591577089864813 
672.631623441602983 
672.671545122622774 
672.711342560214234 
672.751016176102553 
672.790566386580508 
672.829993602660124 
672.869298230347454 
672.908480670821405 
672.947541320603591 
672.986480571618813 
673.025298811513949 
673.063996423666254 
673.102573787492133 
673.141031278397918 
673.179369268108985 
673.217588124666463 
673.255688212585369 
673.293669893067317 
673.331533523863868 
673.369279459770269 
673.406908052319636 
673.444419650187911 
673.481814599207269 
673.519093242352028 
673.556255919937939 
673.593302969743831 
673.630234726978529 
673.667051524440581 
673.703753692623877 
673.740341559619537 
673.776815451444691 
673.813175691848528 
673.849422602586060 
673.885556503344787 
673.921577711877944 
673.957486544043604 
673.975398917167354 
673.993283313824691 
674.011139772973479 
674.028968333482567 
674.046769034118938 
674.064541913458129 
674.082287010121263 
674.100004362555296 
674.117694009025286 
674.135355987803564 
674.152990337057759 
674.170597094817936 
674.188176299036741 
674.205727987549949 
674.223252198101477 
674.240748968382491 
674.258218335974107 
674.275660338332273 
674.293075012893723 
674.310462396924436 
674.327822527640137 
674.345155442193573 
674.362461177635964 
674.379739770931906 
674.396991258945604 
674.414215678498181 
674.431413066256823 
674.448583458924077 
674.465726893012402 
674.482843405040967 
674.499933031364321 
674.516995808348838 
674.534031772225262 
674.551040959182501 
674.568023405276335 
674.584979146545606 
674.601908218917401 
674.618810658326311 
674.635686500516613 
674.652535781244637 
674.669358536157233 
674.686154800853842 
674.702924610834998 
674.719668001512673 
674.736385008311231 
674.753075666513837 
674.769740011363979 
674.786378078007260 
674.802989901535057 
674.819575516985651 
674.836134959293304 
674.852668263341684 
674.869175463951024 
674.885656595851515 
674.902111693673646 
674.918540792058707 
674.934943925482798 
674.951321128420773 
674.967672435197755 
674.983997880094648 
675.000297497309134 
675.016571320965227 
675.032819385060179 
675.049041723499158 
675.065238370090128 
675.081409358486553 
675.097554722247082 
675.113674494704583 
675.129768708824372 
675.145837397339164 
675.161880592800912 
675.177898327698131 
675.193890634606305 
675.209857546111266 
675.225799094751778 
675.241715313169948 
675.257606234079958 
675.273471890146311 
675.289312314161634 
675.305127538863644 
675.320917597158086 
675.336682521884541 
675.352422345942045 
675.368137102284550 
675.383826823958202 
675.399491543997442 
675.415131295487186 
675.430746111587723 
675.446336025421942 
675.461901070328508 
675.477441279502727 
675.492956686341131 
675.508447324198755 
675.523913226497939 
675.539354426824843 
675.554770958671497 
675.570162855687158 
675.585530151560079 
675.600872880044790 
675.616191074984840 
675.631484770306770 
675.646753999996577 
675.661998798111767 
675.677219198892203 
675.692415236621741 
675.707586945716002 
675.722734360700315 
675.737857516297368 
675.752956447347287 
675.768031188888926 
675.783081776224776 
675.798108244853665 
675.813110630638903 
675.828088969866030 
675.843043299290912 
675.857973656441231 
675.872880080157756 
675.887762611667881 
675.902621297650171 
675.917456180995373 
675.932267299738555 
675.947054689626270 
675.961818385267975 
675.976558420752326 
675.991274829683789 
676.005967645631927 
676.020636901853095 
676.035282631607970 
676.049904867917235 
676.064503643753142 
676.079078991960500 
676.093630945267023 
676.108159536315156 
676.122664797632410 
676.137146761636814 
676.151605460680116 
676.166040926993901 
676.180453192698337 
676.194842289915300 
676.209208250543838 
676.223551106483114 
676.237870889484839 
676.252167631266502 
676.266441363447484 
676.280692117509602 
676.294919924920350 
676.309124817029101 
676.323306825106783 
676.337465980360548 
676.351602313847707 
676.365715856650809 
676.379806639669255 
676.393874693831208 
676.407920049854624 
676.421942738506232 
676.435942790397007 
676.449920236093135 
676.463875106059618 
676.477807430642429 
676.491717240275875 
676.505604565090607 
676.519469435285259 
676.533311880909537 
676.547131931989043 
676.560929618373507 
676.574704969882077 
676.588458016252162 
676.602188787053251 
676.615897311668050 
676.629583619396158 
676.643247739326853 
676.656889700517809 
676.670509531965308 
676.684107262611064 
676.697682921427599 
676.711236537352988 
676.724768139238563 
676.738277755992954 
676.751765416438047 
676.765231149393799 
676.778674983664018 
676.792096948051494 
676.805497071269542 
676.818875382060810 
676.832231909149982 
676.845566681198420 
676.858879726902842 
676.872171074852872 
676.885440753711123 
676.898688792049143 
676.911915218478043 
676.925120061477287 
676.938303349649345 
676.951465111467996 
676.964605375422934 
676.977724169977478 
676.990821523560498 
677.003897464612692 
677.016952021555767 
677.029985222716505 
677.042997096474892 
677.055987671164303 
677.068956975093442 
677.081905036543162 
677.094831883777147 
677.107737545069654 
677.120622048614450 
677.133485422647595 
677.146327695347395 
677.159148894862938 
677.171949049347631 
677.184728186894517 
677.197486335623807 
677.210223523603759 
677.222939778907516 
677.235635129549223 
677.248309603536086 
677.260963228900437 
677.273596033582407 
677.286208045544527 
677.298799292706803 
677.311369802990271 
677.323919604261050 
677.336448724394245 
677.348957191228692 
677.361445032629376 
677.373912276357373 
677.386358950197177 
677.398785081937604 
677.411190699311760 
677.423575830006143 
677.435940501763184 
677.448284742219698 
677.460608579083555 
677.472912039943708 
677.485195152449592 
677.497457944183338 
677.509700442699454 
677.521922675586666 
677.534124670351503 
677.546306454534033 
677.558468055581216 
677.570609501015383 
677.582730818241544 
677.594832034713818 
677.606913177802312 
677.618974274917832 
677.631015353455950 
677.643036440718674 
677.655037564041777 
677.667018750746479 
677.678980028110914 
677.690921423362397 
677.702842963787020 
677.714744676550936 
677.726626588905560 
677.738488728008747 
677.750331120986289 
677.762153795057884 
677.773956777245871 
677.785740094694233 
677.797503774482493 
677.809247843615935 
677.820972329184428 
677.832677258146759 
677.844362657537886 
677.856028554279646 
677.867674975349587 
677.879301947672957 
677.890909498155224 
677.902497653690716 
677.914066441136242 
677.925615887318713 
677.937146019067541 
677.948656863203155 
677.960148446485391 
677.971620795686590 
677.983073937516110 
677.994507898721054 
678.005922705964736 
678.017318385952876 
678.028694965321847 
678.040052470713590 
678.051390928733099 
678.062710365975818 
678.074010809000697 
678.085292284354637 
678.096554818579648 
678.107798438172722 
678.119023169612774 
678.130229039343249 
678.141416073826008 
678.152584299486762 
678.163733742734621 
678.174864429904005 
678.185976387369578 
678.197069641470080 
678.208144218526513 
678.219200144823731 
678.230237446607248 
678.241256150175104 
678.252256281701534 
678.263237867458429 
678.274200933561247 
678.285145506220601 
678.296071611524212 
678.306979275635513 
678.317868524655864 
678.328739384627056 
678.339591881657043 
678.350426041709852 
678.361241890839437 
678.372039455036543 
678.382818760244390 
678.393579832428713 
678.404322697509315 
678.415047381404634 
678.425753909971377 
678.436442309066820 
678.447112604562221 
678.457764822248805 
678.468398987921091 
678.479015127352000 
678.489613266318202 
678.500193430491095 
678.510755645632344 
678.521299937402773 
678.531826331465936 
678.542334853466969 
678.552825529026677 
678.563298383735855 
678.573753443165856 
678.584190732846537 
678.594610278368350 
678.605012105186574 
678.615396238836183 
678.625762704723002 
678.636111528327319 
678.646442735083156 
678.656756350353476 
678.667052399516137 
678.677330907956161 
678.687591900978191 
678.697835403915064 
678.708061442007534 
678.718270040558309 
678.728461224798593 
678.738635019975504 
678.748791451224633 
678.758930543780480 
678.769052322770676 
678.779156813326608 
678.789244040552717 
678.799314029551851 
678.809366805382410 
678.819402393058112 
678.829420817633377 
678.839422104088840 
678.849406277362505 
678.859373362493329 
678.869323384331210 
678.879256367812900 
678.889172337817058 
678.899071319190739 
678.908953336801346 
678.918818415428632 
678.928666579881678 
678.938497854929551 
678.948312265330173 
678.958109835795199 
678.967890591013543 
678.977654555718232 
678.987401754498251 
678.997132212018300 
679.006845952890103 
679.016543001673995 
679.026223382968510 
679.035887121329552 
679.045534241217638 
679.055164767207543 
679.064778723682934 
679.074376135154125 
679.083957026041162 
679.093521420727029 
679.103069343622906 
679.112600819062664 
679.122115871392566 
679.131614524905103 
679.141096803933010 
679.150562732694880 
679.160012335466263 
679.169445636457567 
679.178862659857032 
679.188263429836184 
679.197647970579737 
679.207016306192600 
679.216368460763533 
679.225704458406767 
679.235024323150810 
679.244328079038723 
679.253615750084123 
679.262887360284367 
679.272142933584405 
679.281382493936349 
679.290606065247403 
679.299813671439665 
679.309005336369182 
679.318181083884838 
679.327340937787312 
679.336484921942770 
679.345613060061169 
679.354725375962289 
679.363821893287877 
679.372902635849869 
679.381967627247036 
679.391016891181721 
679.400050451297716 
679.409068331203912 
679.418070554458268 
679.427057144658761 
679.436028125376879 
679.444983520064511 
679.453923352275865 
679.462847645477041 
679.471756423072407 
679.480649708540113 
679.489527525237008 
679.498389896599292 
679.507236845918897 
679.516068396552441 
679.524884571824828 
679.533685395002635 
679.542470889348465 
679.551241078113321 
679.559995984488637 
679.568735631664026 
679.577460042817847 
679.586169241088328 
679.594863249618470 
679.603542091447480 
679.612205789673226 
679.620854367371294 
679.629487847525525 
679.638106253141018 
679.646709607204457 
679.655297932672511 
679.663871252440231 
679.672429589456669 
679.680972966583340 
679.689501406638328 
679.698014932512592 
679.706513566973740 
679.714997332828943 
679.723466252849335 
679.731920349735788 
679.740359646244201 
679.748784165013944 
679.757193928745892 
679.765588960059745 
679.773969281595214 
679.782334915924480 
679.790685885626203 
679.799022213241983 
679.807343921302277 
679.815651032286837 
679.823943568682580 
679.832221552931514 
679.840485007437451 
679.848733954636600 
679.856968416908671 
679.865188416569936 
679.873393975975432 
679.881585117426653 
679.889761863188937 
679.897924235558662 
679.906072256731250 
679.914205948927247 
679.922325334311608 
679.930430435070775 
679.938521273349693 
679.946597871203267 
679.954660250775760 
679.962708434093997 
679.970742443220502 
679.978762300179142 
679.986768026912387 
679.994759645451722 
680.002737177694826 
680.010700645559609 
680.018650070968988 
680.026585475780735 
680.034506881825905 
680.042414310944878 
680.050307784923575 
680.058187325543940 
680.066052954558359 
680.073904693662939 
680.081742564577553 
680.089566588987509 
680.097376788572092 
680.105173184859609 
680.112955799557767 
680.120724654185665 
680.128479770348122 
680.136221169516716 
680.143948873227032 
680.151662902985208 
680.159363280195976 
680.167050026346715 
680.174723162818054 
680.182382710996194 
680.190028692240503 
680.197661127908418 
680.205280039278819 
680.212885447667190 
680.220477374317966 
680.228055840494108 
680.235620867397756 
680.243172476186714 
680.250710688105755 
680.258235524206953 
680.265747005678577 
680.273245153577250 
680.280729988974372 
680.288201532932135 
680.295659806457593 
680.303104830529492 
680.310536626178759 
680.317955214284325 
680.325360615809132 
680.332752851644273 
680.340131942650032 
680.347497909687149 
680.354850773593739 
680.362190555161192 
680.369517275164412 
680.376830954376942 
680.384131613481486 
680.391419273219412 
680.398693954261830 
680.405955677281668 
680.413204462861813 
680.420440331633813 
680.427663304196130 
680.434873401101072 
680.442070642887529 
680.449255050034367 
680.456426643076952 
680.463585442424005 
680.470731468547228 
680.477864741851704 
680.484985282705111 
680.492093111499344 
680.499188248554560 
680.506270714196603 
680.513340528716526 
680.520397712361842 
680.527442285386769 
680.534474268020972 
680.541493680491953 
680.548500542863735 
680.555494875378940 
680.562476698123760 
680.569446031169491 
680.576402894630860 
680.583347308522548 
680.590279292889932 
680.597198867735756 
680.604106053010355 
680.611000868680662 
680.617883334671887 
680.624753470888209 
680.631611297195718 
680.638456833457667 
680.645290099509680 
680.652111115157368 
680.658919900167461 
680.665716474299984 
680.672500857295972 
680.679273068867701 
680.686033128671738 
680.692781056396143 
680.699516871654396 
680.706240594109772 
680.712952243301061 
680.719651838802406 
680.726339400178858 
680.733014946922253 
680.739678498531589 
680.746330074460843 
680.752969694165813 
680.759597377072964 
680.766213142551578 
680.772817009996061 
680.779408998743634 
680.785989128113101 
680.792557417407693 
680.799113885885163 
680.805658552776663 
680.812191437356205 
680.818712558791958 
680.825221936265166 
680.831719588920350 
680.838205535892030 
680.844679796285391 
680.851142389171741 
680.857593333622276 
680.864032648636908 
680.870460353256249 
680.876876466426211 
680.883281007127380 
680.889673994302257 
680.896055446832406 
680.902425383634295 
680.908783823512408 
680.915130785378892 
680.921466288024476 
680.927790350186797 
680.934102990678753 
680.940404228246734 
680.946694081578016 
680.952972569387839 
680.959239710333463 
680.965495523062827 
680.971740026195221 
680.977973238314007 
680.984195178033247 
680.990405863860587 
680.996605314319027 
681.002793547942247 
681.008970583200949 
681.015136438524110 
681.021291132329907 
681.027434683072215 
681.033567109103046 
681.039688428767363 
681.045798660440710 
681.051897822370620 
681.057985932894098 
681.064063010264817 
681.070129072693021 
681.076184138416352 
681.082228225633912 
681.088261352452605 
681.094283537083925 
681.100294797611809 
681.106295152155099 
681.112284618770673 
681.118263215499383 
681.124230960357750 
681.130187871372527 
681.136133966494299 
681.142069263669327 
681.147993780873207 
681.153907535963071 
681.159810546839367 
681.165702831349790 
681.171584407327373 
681.177455292606396 
681.183315504943153 
681.189165062118263 
681.195003981888590 
681.200832281902649 
681.206649979933445 
681.212457093598232 
681.218253640564967 
681.224039638441354 
681.229815104821569 
681.235580057291486 
681.241334513403444 
681.247078490675449 
681.252812006631530 
681.258535078732166 
681.264247724434995 
681.269949961182419 
681.275641806365456 
681.281323277397973 
681.286994391612780 
681.292655166390432 
681.298305619004054 
681.303945766777588 
681.309575626956303 
681.315195216798884 
681.320804553529229 
681.326403654347246 
681.331992536438747 
681.337571216920878 
681.343139712993434 
681.348698041666694 
681.354246220115328 
681.359784265353369 
681.365312194414969 
681.370830024318821 
681.376337772074635 
681.381835454642669 
681.387323088944413 
681.392800691923640 
681.398268280473644 
681.403725871470897 
681.409173481774701 
681.414611128204115 
681.420038827550115 
681.425456596644608 
681.430864452190008 
681.436262410961945 
681.441650489661129 
681.447028704960303 
681.452397073556654 
681.457755612095298 
681.463104337174627 
681.468443265433962 
681.473772413405186 
681.479091797667138 
681.484401434752272 
681.489701341160981 
681.494991533378425 
681.500272027884989 
681.505542841091255 
681.510803989455667 
681.516055489330597 
681.521297357117987 
681.526529609162708 
681.531752261785073 
681.536965331274814 
681.542168833956453 
681.547362786046619 
681.552547203816630 
681.557722103477772 
681.562887501175510 
681.568043413150235 
681.573189855496139 
681.578326844371418 
681.583454395853551 
681.588572526047869 
681.593681251001954 
681.598780586750536 
681.603870549318913 
681.608951154684632 
681.614022418827290 
681.619084357701468 
681.624136987218435 
681.629180323278433 
681.634214381796141 
681.639239178576986 
681.644254729543036 
681.649261050439236 
681.654258157098297 
681.659246065274374 
681.664224790740832 
681.669194349224540 
681.674154756419625 
681.679106028013166 
681.684048179716683 
681.688981227119370 
681.693905185901940 
681.698820071636419 
681.703725899918595 
681.708622686316403 
681.713510446374812 
681.718389195623104 
681.723258949553269 
681.728119723693567 
681.732971533458340 
681.737814394320367 
681.742648321766637 
681.747473331130323 
681.752289437906143 
681.757096657445800 
681.761895005168071 
681.766684496503785 
681.771465146859782 
681.776236971600497 
681.780999986025563 
681.785754205443254 
681.790499645099317 
681.795236320201639 
681.799964245959472 
681.804683437525796 
681.809393910009021 
681.814095678527451 
681.818788758089568 
681.823473163785025 
681.828148910614345 
681.832816013527122 
681.837474487489203 
681.842124347464505 
681.846765608246415 
681.851398284808624 
681.856022391915531 
681.860637944454993 
681.865244957156278 
681.869843444823232 
681.874433422190123 
681.879014903940515 
681.883587904790147 
681.888152439423607 
681.892708522443968 
681.897256168510808 
681.901795392177632 
681.906326208044561 
681.910848630665214 
681.915362674534663 
681.919868354149912 
681.924365684020586 
681.928854678581729 
681.933335352243148 
681.937807719460579 
681.942271794588351 
681.946727591986360 
681.951175126003932 
681.955614410949920 
681.960045461161599 
681.964468290847890 
681.968882914296159 
681.973289345747162 
681.977687599384126 
681.982077689409948 
681.986459629971932 
681.990833435212835 
681.995199119272456 
681.999556696253194 
682.003906180199806 
682.008247585201957 
682.012580925266661 
682.016906214424012 
682.021223466638844 
682.025532695912602 
682.029833916192388 
682.034127141364820 
682.038412385403831 
682.042689662138287 
682.046958985460947 
682.051220369201701 
682.055473827192600 
682.059719373214989 
682.063957021065221 
682.068186784518844 
682.072408677271142 
682.076622713077427 
682.080828905608996 
682.085027268556928 
682.089217815579332 
682.093400560295777 
682.097575516322877 
682.101742697283157 
682.105902116711036 
682.110053788160485 
682.114197725178428 
682.118333941287460 
682.122462449949353 
682.126583264633268 
682.130696398813143 
682.134801865906979 
682.138899679311066 
682.142989852444089 
682.147072398642649 
682.151147331274842 
682.155214663644870 
682.159274409098543 
682.163326580865828 
682.167371192266160 
682.171408256526433 
682.175437786892076 
682.179459796517904 
682.183474298642182 
682.187481306400400 
682.191480832955790 
682.195472891409281 
682.199457494909325 
682.203434656499553 
682.207404389287944 
682.211366706263561 
682.215321620499708 
682.219269144981581 
682.223209292719275 
682.227142076662631 
682.231067509738864 
682.234985604901453 
682.238896375044078 
682.242799833063600 
682.246695991834031 
682.250584864180041 
682.254466462944833 
682.258340800944893 
682.262207890948957 
682.266067745749183 
682.269920378069855 
682.273765800665956 
682.277604026229938 
682.281435067480970 
682.285258937016920 
682.289075647589357 
682.292885211772159 
682.296687642171150 
682.300482951435242 
682.304271152084993 
682.308052256682572 
682.311826277793102 
682.315593227894851 
682.319353119513039 
682.323105965111836 
682.326851777154275 
682.330590568061439 
682.334322350300681 
682.338047136249543 
682.341764938250094 
682.345475768703409 
682.349179639968497 
682.352876564343092 
682.356566554109918 
682.360249621590697 
682.363925779062470 
682.367595038742024 
682.371257412889804 
682.374912913672233 
682.378561553312011 
682.382203343965671 
682.385838297796340 
682.389466426930312 
682.393087743508204 
682.396702259573317 
682.400309987254445 
682.403910938572494 
682.407505125601801 
682.411092560345310 
682.414673254810850 
682.418247220944636 
682.421814470766435 
682.425375016218595 
682.428928869161155 
682.432476041581594 
682.436016545330403 
682.439550392302976 
682.443077594313991 
682.446598163226440 
682.450112110842952 
682.453619448988320 
682.457120189385819 
682.460614343852058 
682.464101924099168 
682.467582941847127 
682.471057408820002 
682.474525336685133 
682.477986737110427 
682.481441621758904 
682.484890002260727 
682.488331890214226 
682.491767297206138 
682.495196234851505 
682.498618714671466 
682.502034748226492 
682.505444347026810 
682.508847522565134 
682.512244286356463 
682.515634649833942 
682.519018624447654 
682.522396221677468 
682.525767452858759 
682.529132329454683 
682.532490862794248 
682.535843064257165 
682.539188945164483 
682.542528516867719 
682.545861790644267 
682.549188777798918 
682.552509489588601 
682.555823937255241 
682.559132132047466 
682.562434085162636 
682.565729807811863 
682.569019311159536 
682.572302606383914 
682.575579704623237 
682.578850616985619 
682.582115354591338 
682.585373928509966 
682.588626349844731 
682.591872629626891 
682.595112778897601 
682.598346808681754 
682.601574729967297 
682.604796553750589 
682.608012290973079 
682.611221952626579 
682.614425549606381 
682.617623092833696 
682.620814593198247 
682.624000061592824 
682.627179508851555 
682.630352945841537 
682.633520383372115 
682.636681832265481 
682.639837303324839 
682.642986807272223 
682.646130354889351 
682.649267956943390 
682.652399624114651 
682.655525367114024 
682.658645196654447 
682.661759123371553 
682.664867157947242 
682.667969310990316 
682.671065593107983 
682.674156014963160 
682.677240587073584 
682.680319320018043 
682.683392224345539 
682.686459310615533 
682.689520589301310 
682.692576070953578 
682.695625765987074 
682.698669684917604 
682.701707838157063 
682.704740236168504 
682.707766889332902 
682.710787808048053 
682.713803002706527 
682.716812483664739 
682.719816261274673 
682.722814345852953 
682.725806747690399 
682.728793477147065 
682.731774544425548 
682.734749959819624 
682.737719733569975 
682.740683875916261 
682.743642397049939 
682.746595307175539 
682.749542616457575 
682.752484335071017 
682.755420473158324 
682.758351040818070 
682.761276048183049 
682.764195505348539 
682.767109422398448 
682.770017809374735 
682.772920676330159 
682.775818033301562 
682.778709890282471 
682.781596257283013 
682.784477144279890 
682.787352561222974 
682.790222518034398 
682.793087024701549 
682.795946091102905 
682.798799727140590 
682.801647942671366 
682.804490747606451 
682.807328151744855 
682.810160164956756 
682.812986797045937 
682.815808057770482 
682.818623956978627 
682.821434504385593 
682.824239709774474 
682.827039582858106 
682.829834133372856 
682.832623370982674 
682.835407305430181 
682.838185946324757 
682.840959303376735 
682.843727386176056 
682.846490204356996 
682.849247767569295 
682.852000085325017 
682.854747167256619 
682.857489022912318 
682.860225661808954 
682.862957093502359 
682.865683327479132 
682.868404373248609 
682.871120240277378 
682.873830938035326 
682.876536475975172 
682.879236863512801 
682.881932110071261 
682.884622225070416 
682.887307217855778 
682.889987097808444 
682.892661874307123 
682.895331556658448 
682.897996154196676 
682.900655676231167 
682.903310132051956 
682.905959530904738 
682.908603882082957 
682.911243194816848 
682.913877478348809 
682.916506741862804 
682.919130994584407 
682.921750245686212 
682.924364504332743 
682.926827443836032 
