597.670866692740333 601.490382038211010 599.291526537540108 1097.554771883215381 1183.691225103176066 1024.920015736515325 963.526834472397468 1055.076150434526198 1176.970838219653388 613.903052589332560 595.325335282072729 1170.477913772786906 999.201473546912325 
597.600544104996629 601.420520025446422 599.243760622575678 1097.489850591721051 1183.615179062160905 1024.869852859002322 963.486027390898926 1055.082397887675825 1176.970771919933895 613.831450196107880 595.255126393655587 1170.395724060845168 999.191804569341002 
597.579188242447685 601.399331613530762 599.229491409625780 1097.468645168300327 1183.595929938604741 1024.847638881769399 963.481764705627143 1055.062297517739353 1176.951826482862543 613.813682700429581 595.236197604127028 1170.377839047247562 999.179054630794326 
597.589379001707471 601.408891176109023 599.237368261084271 1097.459353983272877 1183.585004298217427 1024.841057214610601 963.468520222742654 1055.053523078042645 1176.941483978902852 613.821412395070752 595.246088617037117 1170.366935349144796 999.168656544473265 
597.586551486796793 601.405756828611175 599.236138511131571 1097.455483971740478 1183.580857113061484 1024.837732787749246 963.455653645003508 1055.037163663038200 1176.924258871188385 613.819196944787336 595.244335741957116 1170.363751501962497 999.155341074266175 
597.589933041893801 601.408897617543630 599.239167002921704 1097.457082372279501 1183.581790411039265 1024.839542284340496 963.441268662115363 1055.020933128392699 1176.905312734120798 613.821863328916834 595.247594584088233 1170.365209653748025 999.141417059028413 
597.590949994344783 601.409925228302995 599.240293829172515 1097.460230498985766 1183.584364171175139 1024.841759271030242 963.429291485379622 1055.006257915282049 1176.886638943927665 613.823127034999516 595.248502463509340 1170.367864593047898 999.128474744048845 
597.593034962714228 601.412066514622666 599.242205805926915 1097.462957393626311 1183.586617296640497 1024.843368010101813 963.421612311369586 1054.996973044915421 1176.873470376065370 613.825201872523735 595.250229050537996 1170.369820300061292 999.119436904575537 
597.594901158698917 601.414016828445256 599.244088097561985 1097.464889776154678 1183.588419838798245 1024.844731707782330 963.419192380344384 1054.994067970703782 1176.869125963890610 613.827243306691571 595.251874801419831 1170.371138944136874 999.115598664426216 
597.598214243545385 601.417360142177358 599.247423190141717 1097.467697324638721 1183.591376774535547 1024.847608719959908 963.421332376645182 1054.996684834701000 1176.872817085822589 613.830545432975100 595.255049343113228 1170.373634621261999 999.116732351814107 
597.603880583579894 601.423025358671907 599.253105694000737 1097.473777319419241 1183.597830020508582 1024.853732296346152 963.427550049431375 1055.003880648170934 1176.881996635506766 613.836135384381691 595.260642626710251 1170.379623117802566 999.122167236591508 
597.612941834146682 601.432080672302391 599.262166155946375 1097.484600070516308 1183.609259554523533 1024.864318004024199 963.438357439616311 1055.016121604080581 1176.896562965212297 613.845080321428554 595.269584397906783 1170.390393876270764 999.131955974637663 
597.626349408366082 601.445489844355620 599.275578095722949 1097.501202967852123 1183.626777442067578 1024.880469012404774 963.454844564455584 1055.034687218014597 1176.918278090492322 613.858359409651825 595.282838647415588 1170.406949053645803 999.146946743949911 
597.645571044370399 601.464723391039684 599.294796634180898 1097.525150383451319 1183.652043793108078 1024.903751548434457 963.478635568332948 1055.061451162136109 1176.949585042604895 613.877408724254565 595.301854454737850 1170.430829124174124 999.168539056227814 
597.672469985608132 601.491644426262496 599.321689798478701 1097.558717561096955 1183.687462100936045 1024.936402803139572 963.512000992504341 1055.098976901012747 1176.993583347599952 613.904078110880164 595.328485207698236 1170.464308522446800 999.198793261332753 
597.705396241216590 601.524608278150481 599.354588782148426 1097.600117752545884 1183.731219337423454 1024.976622167473579 963.553109462723569 1055.145229792299688 1177.047880665539196 613.936773610943078 595.361203079389270 1170.505811385410425 999.236286265039780 
597.742679467703283 601.561938678777778 599.391836746488025 1097.647115716248209 1183.780923479150033 1025.022271082279758 963.599762828936377 1055.197724749217741 1177.109576981066766 613.973808058884629 595.398293798727195 1170.553016620904145 999.278911688210087 
597.782372165230754 601.601686616860206 599.431482567102421 1097.697310561352651 1183.834044214317828 1025.071010011174167 963.649568913333837 1055.253778640485962 1177.175516536309260 614.013259344991411 595.437840554528520 1170.603532972782205 999.324515304523743 
597.822718857862696 601.642092498261604 599.471777196477206 1097.748447829641009 1183.888188505434073 1025.120656401601764 963.700290832651945 1055.310869632477079 1177.242726592190365 614.053373061063439 595.478077112193660 1170.655074561756010 999.371032972181638 
597.862010606169179 601.681445104115369 599.511012138691058 1097.798373844752405 1183.941077526964364 1025.169117237981936 963.749789355368193 1055.366592135236033 1177.308368460751126 614.092453246751006 595.517303310034890 1170.705473124337004 999.416509821400837 
597.898502394893285 601.717996757831884 599.547445071705624 1097.844876842790882 1183.990371653353350 1025.214242548785933 963.795869985403328 1055.418478076795509 1177.369524591005984 614.128764042040984 595.553778540081339 1170.752503853009102 999.458939055028623 
597.929215182375174 601.748767207479546 599.578093517704815 1097.884256207011276 1184.032172932747699 1025.252411515062931 963.834865979711026 1055.462407729412462 1177.421324407157954 614.159362541593282 595.584562141542619 1170.792488648840845 999.495002028921476 
597.952674298944089 601.772274383477111 599.601497494128466 1097.914477399788439 1184.064288516140095 1025.281682521610719 963.864777410082183 1055.496114566238475 1177.461084114441064 614.182751332328394 595.608122489720245 1170.823273310395052 999.522757129488127 
597.953711133462662 601.773361457271562 599.602426510788518 1097.917241764052051 1184.067558662328111 1025.283963189927363 963.867467871929193 1055.499226337841947 1177.464649690603665 614.184080755046466 595.609679546710026 1170.827012702214233 999.526116643741602 
