 7.849867285581717  7.845770461923641  7.837985890300074  7.465774150012451  7.420194642526938  7.479193757828765  7.480072869748629  7.423970076451168  7.389670902624681  7.826332944649285  7.845008876696459  7.410138401211082  7.419103287674443 
 7.849853328443688  7.845757712247117  7.837977279255957  7.465768574522745  7.420176538524643  7.479190940120113  7.480063995247858  7.423976305750487  7.389673849477726  7.826294293697091  7.844992235283880  7.410123423314016  7.419093251935334 
 7.849859950480522  7.845763939555926  7.837981255917706  7.465765884384581  7.420177118256142  7.479186664982446  7.480065151771098  7.423973344557405  7.389671668888463  7.826311187459200  7.844999945063854  7.410123079004006  7.419095121474605 
 7.849857110656019  7.845761180478740  7.837979684244686  7.465764236141496  7.420174800905029  7.479185387060975  7.480063232649535  7.423972675273591  7.389670915119432  7.826304035932537  7.844996861169953  7.410121054417150  7.419093537376357 
 7.849858852668366  7.845762676552694  7.837981032356433  7.465762882391090  7.420173618991016  7.479184073492828  7.480061542592626  7.423970602791581  7.389669245417463  7.826307287777641  7.844999035772275  7.410120011615139  7.419092270958124 
 7.849858478251098  7.845762200291592  7.837981068272946  7.465762315559634  7.420172974187939  7.479183827337431  7.480059119989008  7.423968213078317  7.389667166093700  7.826306086481583  7.844998808826371  7.410119632954518  7.419090535465961 
 7.849859037179921  7.845762688183948  7.837981602907884  7.465762192897765  7.420172818807488  7.479183958587027  7.480056635791896  7.423965623399650  7.389664649289535  7.826306859493805  7.844999433741847  7.410119616606489  7.419088440670666 
 7.849859034581040  7.845762687297172  7.837981653509234  7.465762159036863  7.420172706416075  7.479183970651281  7.480054474976149  7.423963379427113  7.389662143978182  7.826306769610152  7.844999321974711  7.410119495598820  7.419086215241326 
 7.849859191545371  7.845762840571172  7.837981744357553  7.465762001874247  7.420172447955794  7.479183683141589  7.480053003112322  7.423961812521791  7.389660273549090  7.826306992195090  7.844999340574989  7.410119141522102  7.419084346847184 
 7.849859296273816  7.845762954189464  7.837981817231729  7.465761713903157  7.420172082556032  7.479183273317910  7.480052268468708  7.423961033670873  7.389659416317316  7.826307102489587  7.844999332077897  7.410118655208008  7.419083122016996 
 7.849859684982111  7.845763340889879  7.837982177410892  7.465761435063692  7.420171750089238  7.479182938674916  7.480052102173477  7.423960877241625  7.389659293616116  7.826307479648315  7.844999666071621  7.410118208138334  7.419082474893062 
 7.849860394866987  7.845764040027128  7.837982845085880  7.465761255836826  7.420171502860000  7.479182668645142  7.480052265929483  7.423961072125619  7.389659397166329  7.826308139681069  7.845000340849061  7.410117829192814  7.419082071190561 
 7.849861487316351  7.845765116221379  7.837983866939495  7.465761090767963  7.420171233571594  7.479182340853482  7.480052613695976  7.423961457910889  7.389659558266089  7.826309171377337  7.845001380480237  7.410117366422556  7.419081592387950 
 7.849863063835372  7.845766669633449  7.837985345241414  7.465760863390649  7.420170852466702  7.479181883875357  7.480053135833446  7.423962032022350  7.389659813881090  7.826310662245405  7.845002882497366  7.410116701439255  7.419080902181897 
 7.849865315212308  7.845768888885032  7.837987453571973  7.465760541103629  7.420170309383905  7.479181237105255  7.480053888577594  7.423962857493109  7.389660200972245  7.826312793350367  7.845005030684744  7.410115751931387  7.419079915871050 
 7.849868432463952  7.845771962211010  7.837990371566292  7.465760073039256  7.420169534116907  7.479180317520251  7.480054927692400  7.423963999262697  7.389660746814103  7.826315747834663  7.845008011989576  7.410114410560551  7.419078523166600 
 7.849872591174801  7.845776062637463  7.837994262182167  7.465759407681039  7.420168458195879  7.479179044364039  7.480056301001188  7.423965515150449  7.389661474664247  7.826319693489828  7.845012003372946  7.410112576908059  7.419076622966434 
 7.849877851203141  7.845781247907867  7.837999185560750  7.465758531644531  7.420167062770987  7.479177397379872  7.480058035404828  7.423967438997799  7.389662406245949  7.826324692173923  7.845017079610019  7.410110225238174  7.419074193651491 
 7.849883732039721  7.845787040587808  7.838004704719516  7.465757535971679  7.420165486996688  7.479175546513352  7.480060010741274  7.423969646825449  7.389663497156232  7.826330307797228  7.845022828124167  7.410107593706844  7.419071495779356 
 7.849889063068171  7.845792284412168  7.838009732023553  7.465756600888153  7.420164025537352  7.479173845732935  7.480061860635575  7.423971743993885  7.389664554872480  7.826335444662219  7.845028145232181  7.410105191455229  7.419069065600553 
 7.849893466930732  7.845796615400316  7.838013887036406  7.465755810017065  7.420162801001226  7.479172425429778  7.480063400250794  7.423973504477882  7.389665459189345  7.826339694357422  7.845032552511969  7.410103192873835  7.419067051886613 
 7.849896691407438  7.845799783247168  7.838016940606692  7.465755210696122  7.420161883591980  7.479171369414218  7.480064551550834  7.423974835521044  7.389666155504663  7.826342826400145  7.845035826072428  7.410101711473954  7.419065570700851 
 7.849895343329822  7.845798420879579  7.838015782958058  7.465755160179113  7.420161966609140  7.479171530928407  7.480064202910308  7.423974595932206  7.389665969263070  7.826341752978107  7.845034925131323  7.410102085225176  7.419066083962283 
