 0.755158977288790  0.927440513889710  0.743110863602010  1.913985788418593  1.956509427267658  1.739089195526408  2.222233720179121  2.228413685773158  2.445569825638114  1.773560543435797  0.828406311008598  1.760157136791130  1.673579217700519 
 0.755158977288790  0.927440513889711  0.743110863602009  1.913985788418593  1.956509427267658  1.739089195526408  2.222233720179121  2.228413685773158  2.445569825638114  1.773560543435798  0.828406311008599  1.760157136791130  1.673579217700519 
 0.755158977288791  0.927440513889711  0.743110863602009  1.913985788418594  1.956509427267658  1.739089195526408  2.222233720179121  2.228413685773158  2.445569825638114  1.773560543435798  0.828406311008599  1.760157136791130  1.673579217700520 
 0.755158977288791  0.927440513889711  0.743110863602009  1.913985788418594  1.956509427267658  1.739089195526408  2.222233720179120  2.228413685773158  2.445569825638114  1.773560543435798  0.828406311008599  1.760157136791130  1.673579217700520 
 0.755158977288791  0.927440513889710  0.743110863602009  1.913985788418594  1.956509427267658  1.739089195526408  2.222233720179120  2.228413685773158  2.445569825638114  1.773560543435798  0.828406311008599  1.760157136791130  1.673579217700520 
 0.755158977288791  0.927440513889711  0.743110863602009  1.913985788418593  1.956509427267658  1.739089195526408  2.222233720179120  2.228413685773158  2.445569825638114  1.773560543435798  0.828406311008599  1.760157136791130  1.673579217700520 
 0.755158977288790  0.927440513889711  0.743110863602009  1.913985788418593  1.956509427267658  1.739089195526408  2.222233720179120  2.228413685773158  2.445569825638114  1.773560543435798  0.828406311008599  1.760157136791130  1.673579217700519 
 0.755158977288790  0.927440513889711  0.743110863602009  1.913985788418593  1.956509427267658  1.739089195526407  2.222233720179120  2.228413685773158  2.445569825638114  1.773560543435798  0.828406311008599  1.760157136791130  1.673579217700520 
 0.755158977288790  0.927440513889711  0.743110863602009  1.913985788418593  1.956509427267658  1.739089195526407  2.222233720179120  2.228413685773158  2.445569825638114  1.773560543435797  0.828406311008599  1.760157136791130  1.673579217700520 
 0.755158977288790  0.927440513889711  0.743110863602009  1.913985788418593  1.956509427267658  1.739089195526407  2.222233720179120  2.228413685773158  2.445569825638114  1.773560543435797  0.828406311008599  1.760157136791130  1.673579217700520 
 0.755158977288790  0.927440513889710  0.743110863602009  1.913985788418592  1.956509427267658  1.739089195526407  2.222233720179120  2.228413685773158  2.445569825638114  1.773560543435797  0.828406311008598  1.760157136791130  1.673579217700519 
 0.755158977288790  0.927440513889710  0.743110863602009  1.913985788418593  1.956509427267658  1.739089195526407  2.222233720179119  2.228413685773157  2.445569825638114  1.773560543435797  0.828406311008598  1.760157136791130  1.673579217700519 
 0.755158977288790  0.927440513889711  0.743110863602009  1.913985788418593  1.956509427267658  1.739089195526407  2.222233720179120  2.228413685773158  2.445569825638113  1.773560543435797  0.828406311008598  1.760157136791130  1.673579217700519 
 0.755158977288789  0.927440513889711  0.743110863602009  1.913985788418592  1.956509427267658  1.739089195526407  2.222233720179120  2.228413685773157  2.445569825638113  1.773560543435797  0.828406311008598  1.760157136791130  1.673579217700519 
 0.755158977288790  0.927440513889711  0.743110863602010  1.913985788418592  1.956509427267658  1.739089195526408  2.222233720179119  2.228413685773158  2.445569825638113  1.773560543435797  0.828406311008599  1.760157136791130  1.673579217700519 
 0.755158977288788  0.927440513889710  0.743110863602007  1.913985788418591  1.956509427267658  1.739089195526405  2.222233720179119  2.228413685773156  2.445569825638113  1.773560543435796  0.828406311008598  1.760157136791129  1.673579217700518 
 0.755158977288788  0.927440513889709  0.743110863602007  1.913985788418591  1.956509427267656  1.739089195526405  2.222233720179119  2.228413685773155  2.445569825638112  1.773560543435796  0.828406311008597  1.760157136791128  1.673579217700517 
 0.755158977288789  0.927440513889710  0.743110863602007  1.913985788418591  1.956509427267657  1.739089195526405  2.222233720179119  2.228413685773157  2.445569825638112  1.773560543435796  0.828406311008598  1.760157136791129  1.673579217700519 
 0.755158977288790  0.927440513889711  0.743110863602009  1.913985788418593  1.956509427267658  1.739089195526407  2.222233720179120  2.228413685773158  2.445569825638113  1.773560543435798  0.828406311008600  1.760157136791131  1.673579217700521 
 0.755158977288792  0.927440513889712  0.743110863602012  1.913985788418595  1.956509427267660  1.739089195526410  2.222233720179121  2.228413685773159  2.445569825638115  1.773560543435799  0.828406311008600  1.760157136791131  1.673579217700521 
 0.755158977288789  0.927440513889709  0.743110863602008  1.913985788418592  1.956509427267656  1.739089195526406  2.222233720179119  2.228413685773157  2.445569825638112  1.773560543435796  0.828406311008597  1.760157136791128  1.673579217700517 
 0.755158977288782  0.927440513889704  0.743110863602001  1.913985788418585  1.956509427267651  1.739089195526399  2.222233720179113  2.228413685773150  2.445569825638106  1.773560543435790  0.828406311008592  1.760157136791122  1.673579217700512 
 0.755158977288777  0.927440513889697  0.743110863601994  1.913985788418579  1.956509427267644  1.739089195526393  2.222233720179106  2.228413685773143  2.445569825638100  1.773560543435784  0.828406311008585  1.760157136791116  1.673579217700506 
 0.755158977288773  0.927440513889693  0.743110863601990  1.913985788418575  1.956509427267640  1.739089195526389  2.222233720179102  2.228413685773140  2.445569825638096  1.773560543435779  0.828406311008580  1.760157136791112  1.673579217700501 
