25.000000000000000 25.000000000000000 25.000000000000000 16.000000000000000 16.000000000000000 16.000000000000000 12.000000000000000 12.000000000000000 12.000000000000000 12.000000000000000 18.000000000000000 14.000000000000000 12.000000000000000 
25.001222577153342 25.001222577153342 25.001222577153342 16.000483188063697 16.000483188063697 16.000483188063697 12.000116808944504 12.000116808944504 12.000116808944504 12.001222577153346 18.001222577153342 14.000483188063694 12.000116808944504 
25.001231430438686 25.001231430438686 25.001231430438686 16.000830375099952 16.000830375099952 16.000830375099952 12.000247489563357 12.000247489563357 12.000247489563357 12.001231430438690 18.001231430438690 14.000830375099946 12.000247489563357 
25.001230152034154 25.001230152034154 25.001230152034154 16.001002323515138 16.001002323515138 16.001002323515138 12.000351860167029 12.000351860167029 12.000351860167029 12.001230152034157 18.001230152034154 14.001002323515138 12.000351860167029 
25.001227608323319 25.001227608323319 25.001227608323319 16.001131188031717 16.001131188031717 16.001131188031717 12.000487693420261 12.000487693420261 12.000487693420261 12.001227608323322 18.001227608323319 14.001131188031717 12.000487693420261 
25.001223990935017 25.001223990935017 25.001223990935017 16.001198844086019 16.001198844086019 16.001198844086019 12.000652314873459 12.000652314873459 12.000652314873459 12.001223990935015 18.001223990935010 14.001198844086018 12.000652314873459 
25.001219603687233 25.001219603687233 25.001219603687233 16.001217731385015 16.001217731385015 16.001217731385015 12.000831731567951 12.000831731567951 12.000831731567951 12.001219603687234 18.001219603687233 14.001217731385013 12.000831731567951 
25.001214774784003 25.001214774784003 25.001214774784003 16.001216026233557 16.001216026233557 16.001216026233557 12.000998635002226 12.000998635002226 12.000998635002226 12.001214774783996 18.001214774784003 14.001216026233557 12.000998635002226 
25.001209367000254 25.001209367000254 25.001209367000254 16.001210401803768 16.001210401803768 16.001210401803768 12.001120893576562 12.001120893576562 12.001120893576562 12.001209367000254 18.001209367000254 14.001210401803766 12.001120893576562 
25.001202240356978 25.001202240356978 25.001202240356978 16.001203195549941 16.001203195549941 16.001203195549941 12.001181825367137 12.001181825367137 12.001181825367137 12.001202240356978 18.001202240356978 14.001203195549941 12.001181825367137 
25.001191198368037 25.001191198368037 25.001191198368037 16.001192174444370 16.001192174444370 16.001192174444370 12.001193193227726 12.001193193227726 12.001193193227726 12.001191198368048 18.001191198368048 14.001192174444368 12.001193193227726 
25.001173575286408 25.001173575286408 25.001173575286408 16.001174506514257 16.001174506514257 16.001174506514257 12.001179133735924 12.001179133735924 12.001179133735924 12.001173575286415 18.001173575286415 14.001174506514261 12.001179133735924 
25.001146635282542 25.001146635282542 25.001146635282542 16.001147458650888 16.001147458650888 16.001147458650888 12.001152082252570 12.001152082252570 12.001152082252570 12.001146635282547 18.001146635282549 14.001147458650893 12.001152082252570 
25.001106929997093 25.001106929997093 25.001106929997093 16.001107638450886 16.001107638450886 16.001107638450886 12.001111883796533 12.001111883796533 12.001111883796533 12.001106929997096 18.001106929997096 14.001107638450886 12.001111883796533 
25.001049703051542 25.001049703051542 25.001049703051542 16.001050302267036 16.001050302267036 16.001050302267036 12.001054054122910 12.001054054122910 12.001054054122910 12.001049703051546 18.001049703051542 14.001050302267037 12.001054054122910 
25.000969169911123 25.000969169911123 25.000969169911123 16.000969663473818 16.000969663473818 16.000969663473818 12.000972837097159 12.000972837097159 12.000972837097159 12.000969169911125 18.000969169911119 14.000969663473821 12.000972837097159 
25.000859643268907 25.000859643268907 25.000859643268907 16.000860033360333 16.000860033360333 16.000860033360333 12.000862574603421 12.000862574603421 12.000862574603421 12.000859643268900 18.000859643268893 14.000860033360333 12.000862574603421 
25.000717957543994 25.000717957543994 25.000717957543994 16.000718243407796 16.000718243407796 16.000718243407796 12.000720124910973 12.000720124910973 12.000720124910973 12.000717957543994 18.000717957543991 14.000718243407794 12.000720124910973 
25.000552555008355 25.000552555008355 25.000552555008355 16.000552733019749 16.000552733019749 16.000552733019749 12.000553959171967 12.000553959171967 12.000553959171967 12.000552555008355 18.000552555008351 14.000552733019745 12.000553959171967 
25.000390153637401 25.000390153637401 25.000390153637401 16.000390231075858 16.000390231075858 16.000390231075858 12.000390880510299 12.000390880510299 12.000390880510299 12.000390153637397 18.000390153637401 14.000390231075858 12.000390880510299 
25.000249705210059 25.000249705210059 25.000249705210059 16.000249713668854 16.000249713668854 16.000249713668854 12.000249957963867 12.000249957963867 12.000249957963867 12.000249705210063 18.000249705210067 14.000249713668850 12.000249957963867 
25.000140635165110 25.000140635165110 25.000140635165110 16.000140608164738 16.000140608164738 16.000140608164738 12.000140618205766 12.000140618205766 12.000140618205766 12.000140635165110 18.000140635165117 14.000140608164735 12.000140618205766 
25.000128257410168 25.000128257410168 25.000128257410168 16.000127906972679 16.000127906972679 16.000127906972679 12.000127789600088 12.000127789600088 12.000127789600088 12.000128257410170 18.000128257410179 14.000127906972679 12.000127789600088 
