 0.000000000000000 
503.778549928697544 
1085.618327672020769 
1818.475711244690046 
2638.982605956262887 
3084.584885274290627 
3554.012534516210508 
4047.467746147437538 
4555.744475987616170 
5214.390977138999915 
5856.141110350400595 
6609.609079275422118 
7338.659099782184057 
8132.107248047478606 
8966.516518486265340 
9816.468701903455440 
10670.489495040275870 
11525.350910976654632 
12379.017533789245135 
13236.427677332159874 
14097.823242615248091 
14928.351517337150653 
15747.598158554952533 
16565.400373504038726 
17215.355518798205594 
17825.857715568352432 
18416.633590100565925 
18994.036808614233450 
19563.062728794990107 
20226.692245337813802 
20967.828884945680329 
21728.423282719020790 
22543.456945346075372 
23375.887544439101475 
24239.995548094688274 
25114.091508632955083 
26007.542144751278101 
26915.003366653534613 
27831.843486949925136 
28754.994931890931184 
29582.608347947032598 
30367.884076741771423 
31116.225153297076758 
31840.319905554122670 
32553.326417713440605 
33263.686615950842679 
33976.756097369849158 
34695.849621000910702 
35422.948408978780208 
36159.167456174276595 
36905.058304199825216 
37660.801525648646930 
38426.327226213106769 
39201.389496380412311 
39947.512599934845639 
40676.326207610843994 
41398.498064142004296 
42195.706828537287947 
43035.985421939505613 
43901.415219223701570 
44782.410363012670132 
45673.870757743025024 
46573.053991605032934 
47478.450924001896055 
48389.201528136480192 
49304.792900081753032 
50191.213370180812490 
51068.825021944161563 
51973.085462160779571 
52892.997523163212463 
53822.829863921768265 
54759.656234513859090 
55701.987639411207056 
56649.075563891317870 
57600.557888732582796 
58556.278330794200883 
59516.064990704217053 
60479.997336631276994 
61448.168630097461573 
62420.683188508293824 
63397.656176776828943 
64379.213161733998277 
65365.489488415652886 
66356.629560897126794 
67352.786092277252465 
68354.119401118470705 
69360.796727093023947 
70372.991606025607325 
71390.883278293622425 
72414.656178257399006 
73444.499441666121129 
74480.606477234061458 
75523.174585815911996 
76572.404608898184961 
77628.500620313221589 
78691.669660187879344 
79762.121490858960897 
80840.068393703098991 
81925.724979632708710 
83019.308047100072145 
84121.036444618075620 
85231.130960346417851 
86349.814240009363857 
87475.216580359759973 
88608.563670760297100 
89752.673985480665579 
90907.064550321592833 
92071.589249415614177 
93246.284642229016754 
94431.283503420403576 
95626.769304218236357 
96832.952570171066327 
98050.058680640169769 
99278.321590894047404 
100517.980619064386701 
101769.278819909814047 
103032.462185044525540 
104307.779271636944031 
105595.481053778712521 
106895.820900805119891 
108209.054612466439721 
109535.440494237438543 
110875.239452898007585 
112228.715110443808953 
113596.133922691020416 
114977.765312430856284 
116373.881805560187786 
117784.759181100031128 
119210.676610179943964 
120651.916831164751784 
122108.766305799377733 
123581.515391300490592 
125070.458521451859269 
126575.894392481728573 
128098.126144520560047 
129637.461574233355350 
131194.213329578167759 
132768.699126526713371 
134361.241964806482429 
135972.170356221409747 
137601.818554124532966 
139250.526794802804943 
140918.641543687990634 
142606.515750257269247 
144314.509111280320212 
146042.988334042864153 
147792.327422855625628 
149562.907955382746877 
151355.119380905991420 
153169.359321476746118 
155006.033879964990774 
156865.557955510419561 
158748.355576781003037 
160540.076030038471799 
162261.656396057136590 
163940.145582702185493 
165599.848996948829154 
167259.836336311214836 
168934.211074308375828 
170633.238619906886015 
172364.569543441757560 
174134.289353526401101 
175947.741107184119755 
177813.508850046142470 
179736.717239696707111 
181723.417330678785220 
183781.089386944397120 
185902.313519280665787 
188073.816313083167188 
190285.802506842155708 
192531.331654764100676 
194805.567653333739145 
197105.198640769376652 
199428.010235560213914 
201772.575722165667685 
204138.031793428264791 
206297.194344699004432 
208503.441716592991725 
210749.859258150245296 
212874.978248657571385 
215038.970392669667490 
217428.104572381678736 
220008.632782296102960 
222712.720488672814099 
225503.015487672062591 
226858.484080443216953 
228101.670248657173943 
229275.093342062493321 
230404.368935642531142 
231504.539879753050627 
232586.499767350062029 
233657.098286216991255 
234720.865012431953801 
235780.766406403825385 
236838.766477773606312 
237896.166879613068886 
238953.832338231964968 
240012.338461729872506 
241072.069487200264120 
242654.397657048335532 
244677.095785175886704 
247227.671400377061218 
250038.002277553168824 
253029.169471048779087 
256148.596359239658341 
257019.797280362166930 
257833.429398688720539 
258623.017660778772552 
259397.498966397659387 
260162.270519073150354 
260920.915190725703724 
261675.552164860273479 
262427.504596983548254 
263177.592126236180775 
263926.324025714013260 
264674.016003895667382 
265420.863067549129482 
266166.984831788809970 
266912.453785517835058 
267657.540635768615175 
268402.715364846633747 
269147.559715896029957 
269892.011331891990267 
271008.688755885930732 
272683.704891876841430 
275196.229095863178372 
277151.107788946887013 
279053.118792951456271 
281747.541937984526157 
284988.697817105625290 
288566.015725297387689 
292019.187001946149394 
295322.472037682367954 
298480.853923558373936 
301504.545797181024682 
304405.884792815719265 
307229.948864952719305 
309976.445503451046534 
312652.026823632419109 
315262.971222455496900 
317815.259836169425398 
320314.323803555103950 
322764.982419047795702 
325171.437726611446124 
327537.311103388608899 
329865.701893081655726 
332159.254869834345300 
334420.227935013535898 
336650.555062796338461 
338851.902381932595745 
341025.716267304320354 
343173.264076034713071 
345295.667871334007941 
347393.932384094572626 
349490.899890118162148 
351585.414904200413730 
353671.540948885725811 
355743.528472764708567 
357798.617331765184645 
359835.160493333067279 
361852.391196602955461 
363850.101091151183937 
365828.467642644711304 
367803.607659724308178 
369761.373810521909036 
371707.238572716130875 
373638.824984520557337 
375556.167540730966721 
377460.276470560114831 
379353.822042619867716 
381240.833435834443662 
383121.511864305357449 
384992.248003235785291 
386851.531825235055294 
388699.516559981799219 
390536.566856728168204 
392363.304444464971311 
394180.496264910267200 
395988.986407738993876 
397789.658252672583330 
399583.410231599642430 
401371.141308590478729 
402524.449414006026927 
403514.436866524745710 
404550.817182199796662 
405602.475555830518715 
406660.175564363540616 
407722.082869202480651 
408787.824366867833305 
409857.414633623324335 
410930.951293375808746 
412008.551157570385840 
413090.337282232241705 
414176.435850864800159 
415266.975421423907392 
416362.086774703813717 
417461.902894613333046 
418566.559010710683651 
419676.192650626355316 
420790.943675240734592 
421910.954312132380437 
423036.369197714608163 
424167.335399904928636 
425304.002439648495056 
426446.522318820701912 
427595.049537878890987 
428749.741112068528309 
429910.756581985449884 
431078.258033173740841 
432252.410097112006042 
433433.379960395337548 
434621.337383306818083 
435816.454673694213852 
437012.117515096906573 
438222.495977229729760 
439446.135283006005920 
440684.599376577069052 
441933.706008300301619 
443191.775445869716350 
444458.655318750010338 
445734.552742638043128 
447019.724772999819834 
448314.417504941113293 
449618.861240221653134 
450933.275506774545647 
452257.873737228743266 
453592.866302278824151 
454938.462309191643726 
456294.870654977450613 
457662.300658904074226 
459040.962429322069511 
460431.067085887538269 
461988.812119167181663 
463781.640265005524270 
465704.564989669655915 
467715.018290344916750 
469787.977100552001502 
471907.788827920798212 
474074.366180052631535 
476274.772214766300749 
478509.070351910660975 
480773.585403572942596 
483068.041958614776377 
485392.748993446351960 
487748.082494544505607 
489227.779664371977560 
490144.666391322098207 
490719.812624175276142 
491244.781025464762934 
491741.028349413070828 
492215.649451057484839 
492699.428429731575307 
493196.107743057713378 
493700.089872426353395 
494197.912068201927468 
494683.519315955694765 
495149.380088040023111 
495579.867703692871146 
496128.938441706995945 
496754.886164712836035 
497403.970061197411269 
498051.426228245021775 
498689.128020660020411 
499311.468734850350302 
499917.506211435364094 
500517.859335074957926 
501090.953124990686774 
501666.997561417054385 
502241.297531815536786 
502809.983182637311984 
503372.615477954619564 
503929.177763278421480 
504479.374728076101746 
505024.206945778103545 
505563.272938409936614 
506098.256075449695345 
506630.455627791525330 
507160.857341232069302 
507689.154982442210894 
508187.237834020459559 
508671.597874621569645 
509150.487584381713532 
509628.094056270376313 
510107.403093225148041 
510672.038730056490749 
511284.134211404307280 
511883.342978471424431 
512478.110935180739034 
513064.667378242069390 
513643.515241537475958 
514242.418136167747434 
514918.913604928005952 
515606.302695919410326 
516324.923359525506385 
516973.790002810652368 
517583.375600636878517 
518105.273362738953438 
518577.928287133283447 
519045.449752897082362 
519514.338343626819551 
519987.955995981174055 
520467.868678891332820 
520955.349161911872216 
521451.263248125556856 
521910.934933111071587 
522372.702718856278807 
522848.304692065750714 
523344.508379461709410 
523867.186807926336769 
524421.782602929859422 
525015.621622656122781 
525738.706930495449342 
526439.729083384037949 
527121.169264898169786 
527673.726615914027207 
528219.945325449341908 
528822.472124263178557 
529457.238688834710047 
530115.034615138894878 
530783.846223999513313 
531472.907711191684939 
532093.592092486331239 
532681.618412678479217 
533327.325644318363629 
534012.451980753685348 
534638.268440276384354 
535311.257050398970023 
536029.096482729539275 
536765.241647888789885 
537449.821935543324798 
538165.180830125464126 
538899.924645403865725 
539648.769805838470347 
540391.325882518081926 
541134.092184561886825 
541876.564391076099128 
542620.933437282918021 
543375.849405227112584 
544134.881293765385635 
544902.261794587364420 
545673.192887467332184 
546450.581537244492210 
547015.195800773566589 
547544.979042697115801 
548062.861581305623986 
548570.770628341473639 
549070.067601028596982 
549562.205211066408083 
550048.211374353035353 
550528.746530638076365 
551002.482706703245640 
551474.552176408120431 
551939.882654366549104 
552422.948823192855343 
552913.595372784184292 
553407.823567228973843 
553903.425950817996636 
554399.287657670211047 
554850.938068186049350 
555318.683499767794274 
555796.993092759279534 
556279.135413718526252 
556762.722461530007422 
557246.726685051689856 
557730.742643288103864 
558214.603896395652555 
558698.246966665028594 
559181.653070515138097 
559788.721654909779318 
560471.834579091402702 
561197.157017850200646 
561638.526919268304482 
562061.842517596902326 
562602.207502262084745 
563172.772140175336972 
563757.750550353550352 
564362.859902318567038 
564974.270994828082621 
565584.757532707415521 
566190.415014795027673 
566896.290821026312187 
567681.896904533146881 
568518.742984833428636 
569390.509684539749287 
570287.515206190990284 
571190.914564861101098 
572103.196976352599449 
573026.668189392541535 
573961.189179661916569 
574908.974060037522577 
575870.587098008953035 
576845.986012165318243 
577835.474990346236154 
578840.185479585197754 
579860.451295856153592 
580459.739966768771410 
581011.366494794725440 
581589.353342499001883 
582128.363932542735711 
582648.116439377074130 
583157.219635779038072 
583660.336543092969805 
584159.962112667039037 
584657.804765746463090 
585154.850171611527912 
585651.686695235315710 
586148.684277477441356 
586646.093490181490779 
587144.510551931685768 
587647.181474038050510 
588153.915024906164035 
588663.631878597312607 
589175.603841647505760 
589689.456275124684907 
590205.033735133823939 
590722.305321619263850 
591241.310032658278942 
591762.126456664176658 
592284.856105793849565 
592809.614305021124892 
593336.525288696284406 
593865.719623806420714 
594397.332944280700758 
594931.505408970639110 
595468.381581886438653 
596008.110531139769591 
596550.846085811965168 
597096.747168985777535 
597645.978195296484046 
598198.709518405143172 
598755.117917056544684 
599315.387122431886382 
599879.708391723572277 
600448.281123010790907 
601021.313516969210468 
601599.023304787580855 
602181.638523323228583 
602769.398370321025141 
603362.554129606345668 
603961.370184931205586 
604566.125134686357342 
605177.113007730687968 
605794.644615198834799 
606419.049027769942768 
607050.675227466737852 
607689.893931696424261 
608337.099630559794605 
608992.712858596001752 
609657.182745168101974 
610330.989880278473720 
611014.649542871164158 
611708.715363536728546 
612413.783484472194687 
613130.497308730147779 
613859.552935493178666 
614601.705429174471647 
615357.776061595883220 
616128.660737243364565 
616915.339842373039573 
617718.889828902436420 
618540.496926555177197 
619381.473472439916804 
620243.277535403263755 
621128.936728766653687 
622039.529195492970757 
622976.762409579358064 
623942.774484769441187 
624940.111307398648933 
625969.693115405854769 
627032.375943548744544 
628134.785955961095169 
629282.534071896108799 
630370.080232426174916 
631441.397804846987128 
632571.829695148509927 
633723.482840901007876 
634900.083188205375336 
636094.606120430282317 
637301.414522239239886 
638520.053979176562279 
639750.568083462421782 
640871.794217835296877 
641944.854424948687665 
642996.370422846288420 
644038.800002673873678 
645078.425777541473508 
646135.008748075342737 
647204.589489784557372 
648317.491003896691836 
649461.738837954238988 
650629.380983106675558 
651816.887535626883619 
653023.220606117625721 
654248.676193585386500 
655528.207182476297021 
656836.148468549130484 
658168.972217270173132 
659528.565219911746681 
660976.520875606336631 
662487.010009156540036 
664047.532557736849412 
665634.091477546608075 
667258.492423396557570 
668927.609996765037067 
670656.377843502443284 
672466.431159581989050 
674395.926132815890014 
676557.845548948738724 
679720.844244256615639 
683602.046718392521143 
687936.408800889039412 
692547.468178133247420 
697121.004675787640736 
701462.723068691557273 
704913.246423087897711 
707812.079209388932213 
710283.578888156334870 
712624.052421413944103 
714762.407275115372613 
716715.091754881083034 
718494.478534411056899 
720119.905759297078475 
721612.430372864822857 
722988.291933116386645 
724268.362294446560554 
725470.137563591357321 
726608.831786325317807 
727724.273161758203059 
728771.015743398922496 
729797.024393024039455 
730656.637454626732506 
731455.921860281028785 
732214.332555366447195 
732943.860972927534021 
733690.129447076236829 
734370.905879396013916 
735026.403180612949654 
735670.535839306889102 
736308.838462958345190 
736943.705829549347982 
737576.298651313758455 
738207.288532797363587 
738837.154722781036980 
739466.301831793505698 
740095.105968613643199 
740723.932809515856206 
741353.145066013676114 
741983.106193118495867 
742614.182938251178712 
743246.747635972336866 
743881.180570679949597 
744517.872442968073301 
745157.226991418516263 
745799.663722987286747 
746445.620760623714887 
747095.557798797497526 
747749.959160861675628 
748409.336948825046420 
749074.234293707064353 
749745.228686228860170 
750422.935414533945732 
751108.011082925950177 
751801.157222229521722 
752503.124007662408985 
753214.714092206908390 
753936.786546007962897 
754670.260961326304823 
755416.121711746091023 
756175.422420568298548 
756949.290675726253539 
757738.933054574765265 
758545.640536995138973 
759370.794421202386729 
760215.872895952779800 
761082.458504713722505 
761972.246825179667212 
762887.056860555778258 
763828.843861898407340 
764799.715706528862938 
765801.954472711193375 
766838.045804259600118 
767969.679269082378596 
769155.907005319138989 
770393.263578454148956 
771680.558694149833173 
773019.873151827836409 
774415.757389988750219 
775874.820530275697820 
777407.956952969776466 
779032.920605674618855 
780782.971634439309128 
782748.925550575251691 
785697.856424779165536 
790121.252736085094512 
795920.142676043789834 
803080.897067615995184 
812270.984459213679656 
823238.161193005507812 
835669.066030342830345 
842600.621975840069354 
844708.897774411481805 
845737.951882186927833 
846381.948149184812792 
846968.021427283529192 
847544.464208383113146 
848125.275869670906104 
848712.683160906657577 
849307.472221444477327 
849909.989880468230695 
850511.337673060828820 
851292.149690298712812 
852463.367716155480593 
854220.194754940574057 
856855.435313118272461 
860587.605229877983220 
865104.807176315924153 
870403.299595395918004 
876602.741747012361884 
883860.165426798048429 
894048.384241541731171 
909031.350043906830251 
926582.453301650588401 
948093.885872437153012 
971772.946991896606050 
985972.487929843831807 
989756.268121887929738 
991247.384179262560792 
992527.657153276843019 
993713.335183723014779 
994836.496347832842730 
995904.495494161383249 
996839.513254322810099 
997476.513332816306502 
998085.063899810658768 
998691.093088459456339 
999296.853272376116365 
999902.641708454466425 
1000320.247426477377303 
1000720.881043182685971 
1001622.306680769775994 
1002281.537129483302124 
1003086.447753056883812 
1004109.547360616386868 
1005451.336497348733246 
1006426.552813737769611 
1007495.464011484058574 
1008167.805011184420437 
1008787.181166112772189 
1009381.805144089157693 
1009899.379628317314200 
1010388.240872268797830 
1011042.181547207757831 
1011614.548799088923261 
1012070.869617831078358 
1012550.861229111207649 
1013019.292414580588229 
1013544.503054250264540 
1014212.692580271977931 
1014707.810626725316979 
1015283.961790821049362 
1015929.851593252853490 
1016575.190164000610821 
1017201.803834369988181 
1017809.962017354671843 
1018402.709497724776156 
1018981.848720493260771 
1019544.479798830696382 
1020100.144637943012640 
1020528.830790225532837 
1021089.778082053875551 
1021795.982382599613629 
1022508.307047650800087 
1023081.197809318313375 
1023502.956014944822527 
1023923.289318752940744 
1024560.029094152036123 
1024995.433037799433805 
1025598.412127198185772 
1026292.794986108085141 
1027029.694165107677691 
1027786.576961511513218 
1028552.546009154408239 
1029321.595898560713977 
1030089.640485620708205 
1030868.093614308629185 
1031694.138258425868116 
1032406.154795940616168 
1033066.248684583697468 
1033711.246930356021039 
1034332.974849093705416 
1034944.679301962954924 
1035528.172263320884667 
1036072.212938919779845 
1036657.895455669262446 
1037236.457536716945469 
1037825.179287816397846 
1038401.745921296882443 
1038981.695455982116982 
1039546.413286917493679 
1040091.467849079752341 
1040632.491868095006794 
1041152.959582071169280 
1041670.773530607577413 
1042154.747145508183166 
1042617.669303208822384 
1043064.755224610911682 
1043527.256728067761287 
1043991.268775138189085 
1044452.804310315637849 
1044910.237006711424328 
1045381.367974697728641 
1045857.041419104672968 
1046374.655251454096287 
1046894.687127518467605 
1047411.886001536156982 
1047926.329647736856714 
1048438.844714180449955 
1048950.400566732510924 
1049463.168047919403762 
1050213.645802195882425 
1050662.992428133497015 
1051141.767151674255729 
1051606.749216850847006 
1052100.243165389867499 
1052570.941187308169901 
1053018.347979634068906 
1053591.539851851528510 
1054324.984097947366536 
1055226.396716278279200 
1056263.772856869734824 
1057455.685577715979889 
1058813.118467890191823 
1060249.671865504933521 
1061717.153512477874756 
1062721.048804534599185 
1063777.393126876326278 
1064792.442816520109773 
1065658.749597896588966 
1066502.152894284809008 
1067208.166043438715860 
1067776.615235466975719 
1068336.291589263593778 
1068860.285587155725807 
1069359.904190763132647 
1069843.610316868405789 
1070315.880168854491785 
1070779.774989565135911 
1071236.810277156066149 
1071688.062556514050812 
1072134.286082098493353 
1072552.554681709036231 
1072958.069175118114799 
1073357.373436631169170 
1074149.138844287721440 
1074940.485992389963940 
1075822.782597587909549 
1076325.895187905756757 
1076816.245972396805882 
1077303.337479611160234 
1077791.092219357145950 
1078281.261492729187012 
1078774.456319806165993 
1079270.802193647949025 
1079770.230127221439034 
1080272.583429261809215 
1080777.663908058078960 
1081285.255025696242228 
1081795.134345112135634 
1082307.816981628770009 
1082822.804671742953360 
1083339.686374926706776 
1083858.167138447053730 
1084378.013378516770899 
1084899.023776351474226 
1085421.017503927927464 
1085943.829369387822226 
1086467.307563868351281 
1086991.312440812354907 
1087515.715736341197044 
1088040.399978813482448 
1088565.257958330214024 
1089090.192202130798250 
1089615.114454421214759 
1090139.945142837474123 
1090664.612845535622910 
1091189.053760944167152 
1091713.211180489044636 
1092237.034977338276803 
1092760.481115798698738 
1093283.511173931648955 
1093806.091896891128272 
1094443.156588362064213 
1095030.617826910456643 
1095678.224696095567197 
1096271.907266341149807 
1096833.206290589645505 
1097458.442391117336228 
1098127.335160136455670 
1098724.094887468498200 
1099284.201472363434732 
1099904.262209993554279 
1100565.454135659383610 
1101157.160264204023406 
1101712.435127544682473 
1102325.142222344875336 
1102977.541498610749841 
1103564.588334587402642 
1104115.727972012944520 
1104721.999383010668680 
1105366.707090476993471 
1105950.068596491822973 
1106498.012046300107613 
1107098.901875850046054 
1107737.081375793088228 
1108317.686816909350455 
1108863.307551828911528 
1109459.786240403773263 
1110092.505275346804410 
1110751.573491502786055 
1111338.986409124452621 
1111887.831789999268949 
1112483.434154165210202 
1113113.038354871561751 
1113767.640556254889816 
1114423.749185953056440 
1115031.307184744626284 
1115696.792152470443398 
1116427.388622760772705 
1117105.827058798633516 
1117741.262585163582116 
1118433.249777897959575 
1119087.849415668984875 
1119794.533980623120442 
1120460.275981133570895 
1120876.712422688025981 
1121615.716117884963751 
1122317.662674294319004 
1123011.991711545502767 
1123705.263814179692417 
1124400.717347649158910 
1125096.322642667684704 
1125793.007843927480280 
1126487.700688290176913 
1127174.240636562695727 
1127856.931648900499567 
1128541.555749596562237 
1129227.672157743247226 
1129913.820233180886135 
1130603.116862586466596 
1131294.300092256627977 
1131985.656677556689829 
1132680.216181766008958 
1133375.097255744738504 
1134073.033626434626058 
1134771.421616706764325 
1135472.923830278217793 
1136174.912242879858240 
1136880.032747620018199 
1137585.386085629696026 
1138293.738809594884515 
1139003.126807688036934 
1139718.094386062584817 
1140434.170564835891128 
1141153.906021825270727 
1141876.201495246961713 
1142603.890704418765381 
1143337.030147097771987 
1144073.184765970334411 
1144839.562340436736122 
1145632.407390630804002 
1146033.927328962599859 
1146437.413256610045210 
1146842.352839182596654 
1147248.382016557268798 
1147655.284154618391767 
1148062.923311682883650 
1148471.215860508149490 
1148880.110280692344531 
1149289.575055671390146 
1149699.591081197606400 
1150110.146965535590425 
1150521.236108845798299 
1150932.854892473435029 
1151345.001552325207740 
1151757.675481981830671 
1152170.876797869335860 
1152739.334238108946010 
1153421.735332335112616 
1154188.078887686599046 
1155055.066499152220786 
1155983.230870195431635 
1156947.903260176768526 
1157934.842746276874095 
1158936.227276010205969 
1159943.800811258377507 
1160899.603157438104972 
1161808.875123909907416 
1162699.103719757637009 
1163583.147977706277743 
1164467.547348074615002 
1165355.860338570084423 
1166250.412484289379790 
1167129.543014783179387 
1168025.774223304120824 
1168838.411520009394735 
1169623.932663600426167 
1170398.738045321777463 
1171119.033358842367306 
1171827.246314606396481 
1172476.044341768370941 
1173076.227630358422175 
1173662.633925022790208 
1174242.694143454078585 
1174871.734196275239810 
1175463.320003066677600 
1176008.853823499055579 
1176542.825825061183423 
1177074.345455130795017 
1177603.438735173782334 
1178134.361993548227474 
1178666.202243298990652 
1179197.342958947410807 
1179826.120142316212878 
1180524.472479901509359 
1181194.978798596886918 
1181812.653035655850545 
1182427.458725284319371 
1182987.734736129641533 
1183510.377946835011244 
1184009.606241134693846 
1184493.928718369686976 
1184968.822796218097210 
1185437.091543828370050 
1185903.852276558289304 
1186367.221409326652065 
1186835.383591895690188 
1187307.713781198253855 
1187782.935175227234140 
1188260.540228375466540 
1188739.148523965151981 
1189219.915205978555605 
1189701.678482854738832 
1190185.697511648526415 
1190670.792604925110936 
1191158.223864051979035 
1191646.806816755793989 
1192137.798440447309986 
1192630.017651767469943 
1193124.718588152434677 
1193620.718655810225755 
1194119.264020070899278 
1194619.176834352314472 
1195121.704922312404960 
1195625.676717767259106 
1196135.448858504649252 
1196645.709983019158244 
1197159.703326877905056 
1197684.642775858053938 
1198221.964735687943175 
1198770.005893276771531 
1199324.704837492667139 
1199887.618954083649442 
1200448.655817874241620 
1201010.988084203097969 
1201574.191853351425380 
1202139.983381825266406 
1202707.196895467583090 
1203277.938175068004057 
1203852.953873586142436 
1204430.902139513054863 
1205012.479865800123662 
1205596.498380153672770 
1206184.272802429506555 
1206774.438993621617556 
1207368.698297185357660 
1207966.359288310864940 
1208568.399284745333716 
1209173.475955904228613 
1209783.211692122509703 
1210396.055951822316274 
1211013.782458896050230 
1211635.418823653133586 
1212260.856897886143997 
1212891.101085194386542 
1213525.289331133011729 
1214163.341375035000965 
1214806.302907961653545 
1215453.272665322991088 
1216103.970751982415095 
1216759.615110808983445 
1217418.922094440786168 
1218082.652261279057711 
1218750.707068494521081 
1219422.976560396142304 
1220099.512325907824561 
1220780.274076299741864 
1221465.244702939409763 
1222154.408911616308615 
1222847.748113109963015 
1223545.239966469351202 
1224246.858637807192281 
1224952.575152606936172 
1225662.357787229586393 
1226376.172459015157074 
1227093.983095074072480 
1227806.864642894128338 
1228516.660036117071286 
1229225.856918993638828 
1229936.191683598561212 
1230648.804561199620366 
1231364.435932398308069 
1232083.560334330657497 
1232808.503460716689005 
1233539.478799837641418 
1234275.962147244252264 
1235017.624345867196098 
1235764.458312779199332 
1236515.981026429450139 
1237273.053027090150863 
1238035.388353468850255 
1238802.860056689474732 
1239575.063759192591533 
1240351.718820990761742 
1241132.898157154442742 
1241918.396086408058181 
1242708.237333789933473 
1243497.473813639720902 
1244290.703147264430299 
1245086.489071574294940 
1245885.203496388625354 
1246687.192738405894488 
1247492.540430454071611 
1248301.264146291418001 
1249113.360549903940409 
1249928.815665751229972 
1250747.609709262847900 
1251569.658178835408762 
1252395.280931042740121 
1253224.005707429954782 
1254055.810320344753563 
1254890.733687915140763 
1255728.773670687573031 
1256569.886863329447806 
1257414.029321569250897 
1258261.173048340016976 
1259111.309409244684502 
1259964.440281559014693 
1260820.568666558014229 
1261678.981281648855656 
1262539.756874127779156 
1263402.979181340662763 
1264268.808675553882495 
1265137.582336789462715 
1266008.919168707914650 
1266882.959070971235633 
1267759.701849338132888 
1268639.214947052532807 
1269521.547830488532782 
1270406.731154916109517 
1271294.783634702209383 
1272185.715618679067120 
1273079.531714120879769 
1273976.232598949689418 
1274875.816271003102884 
1275778.278909642482176 
1276683.615463693859056 
1277591.820059930905700 
1278502.886279023718089 
1279416.807344185421243 
1280333.576254946878180 
1281253.185873228358105 
1282175.628982505528256 
1283100.898329099873081 
1284028.986648881109431 
1284959.886682499200106 
1285893.591188302962109 
1286830.092948371777311 
1287769.384771538665518 
1288711.459495270624757 
1289656.309986291686073 
1290603.929138726787642 
1291554.309873520163819 
1292507.445138205075637 
1293463.327902287477627 
1294421.951156048569828 
1295383.307911152252927 
1296347.391196334268898 
1297314.194054629188031 
1298283.709542027441785 
1299255.930725419195369 
1300230.850683153374121 
1301208.462499068351462 
1302188.759262745035812 
1303171.734067694051191 
1304157.380010859109461 
1305145.690189760411158 
1306136.657700404757634 
1307130.275636004749686 
1308126.537086969474331 
1309125.435139293083921 
1310126.962871666299179 
1311131.113355283858255 
1312137.879652756033465 
1313147.254817090695724 
1314159.231889849761501 
1315173.803901236271486 
1316190.963866309262812 
1317210.704788498580456 
1318233.019654460949823 
1319257.901435481151566 
1320285.343086298555136 
1321315.337543588131666 
1322347.877727140672505 
1323382.956535768229514 
1324420.566849867813289 
1325460.701528568984941 
1326503.353409548988566 
1327548.515308300033212 
1328596.180019862717018 
1329646.340315073030069 
1330698.988942772615701 
1331754.118626172188669 
1332811.722064575646073 
1333871.791933408472687 
1334934.320881967432797 
1335999.301533444086090 
1337066.726487047737464 
1338136.588313568383455 
1339208.879559163236991 
1340283.592742355773225 
1341360.720354987541214 
1342440.254860701039433 
1343522.188695132732391 
1344606.514267641585320 
1345693.223959536757320 
1346782.310122372815385 
1347873.765081509947777 
1348967.581132548162714 
1350063.750544031849131 
1351162.265555211342871 
1352263.118377376813442 
1353366.301194007042795 
1354471.806158907013014 
1355579.625396736431867 
1356689.751004882389680 
1357802.175052517326549 
1358916.537734329933301 
1360032.963468231959268 
1361151.512201402569190 
1362271.735861311201006 
1363389.281961825443432 
1364502.019600822823122 
1365608.963893156265840 
1366709.700535743730143 
1367804.108342273859307 
1368892.214350109221414 
1369974.118558953516185 
1371049.954962614923716 
1372119.871495054569095 
1373184.019821110880002 
1374242.550251586595550 
1375295.609295527916402 
1376343.338575245579705 
1377385.874439466511831 
1378424.170428663259372 
1379457.337919157464057 
1380485.740722703747451 
1381509.458172082668170 
1382528.587489750003442 
1383542.178335299249738 
1384550.893243130296469 
1385555.473748435964808 
1386555.682402706705034 
1387550.808415737701580 
1388541.493495019618422 
1389528.071149117546156 
1390519.782420916715637 
1391508.705101157538593 
1392494.685302025638521 
1393477.417518271831796 
1394456.721802340587601 
1395432.553978945361450 
1396404.927829239750281 
1397373.883280198788270 
1398339.472429006127641 
1399301.752580726053566 
1400260.782727368641645 
1401216.621820160886273 
1402169.327938636532053 
1403118.957901303190738 
1404065.567107071168721 
1405009.209479986922815 
1405949.937472834717482 
1406887.802096863510087 
1407822.852963078999892 
1408755.138328491244465 
1409684.705142621882260 
1410611.599096995545551 
1411535.864667198155075 
1412457.545161518733948 
1413376.682758671464399 
1414293.318553770426661 
1415207.492593204602599 
1416119.243911139899865 
1417028.610570155782625 
1417935.629691161680967 
1418840.337485891068354 
1419742.769289394607767 
1420642.959587797289714 
1421540.942048833938316 
1422436.749548793071881 
1423330.414197019068524 
1424221.967362145194784 
1425111.439695205073804 
1425998.861152845667675 
1426884.261020689038560 
1427767.667932091979310 
1428649.109889179700986 
1429528.614282738650218 
1430406.207911520032212 
1431281.916997365886346 
1432155.767207046039402 
1433027.783663611859083 
1433897.990965749369934 
1434766.413203141186386 
1435633.073968540411443 
1436497.996376315131783 
1437361.203072132077068 
1438222.716247231233865 
1439082.557652222923934 
1439940.748607272980735 
1440797.310017550364137 
1441652.262380282394588 
1442505.625798096181825 
1443357.419991158880293 
1444207.664303996367380 
1445056.377717645140365 
1445903.578858639812097 
1446749.286007801536471 
1447593.517109786160290 
1448436.289780289633200 
1449277.621318305609748 
1450117.528709216741845 
1450956.028635740978643 
1451793.137483863625675 
1452628.871352371061221 
1453463.246057291748002 
1454296.277139781275764 
1455127.979874562472105 
1455958.369273421587422 
1456787.460093152942136 
1457615.266840344294906 
1458441.803778137080371 
1459267.084933453006670 
1460091.124100687447935 
1460913.934846057556570 
1461735.530515981372446 
1462555.924238362349570 
1463375.128929397556931 
1464193.157299803104252 
1465010.021855590166524 
1465825.734906755620614 
1466640.308569059940055 
1467453.754769058665261 
1468266.085247776936740 
1469077.311564910225570 
1469887.445103649515659 
1470696.497072623576969 
1471504.478511524619535 
1472311.400292859645560 
1473117.273126489017159 
1473922.107563334051520 
1474725.913997715106234 
1475528.702670531114563 
1476330.483673862647265 
1477131.266952469712123 
1477931.062306848354638 
1478729.879396806703880 
1479527.727743444498628 
1480324.616734207374975 
1481120.555622076848522 
1481915.553531060926616 
1482709.619455854175612 
1483502.762268108315766 
1484294.990716495784000 
1485086.313428246881813 
1485876.738912274828181 
1486666.275562693830580 
1487454.931659545982257 
1488242.715371405938640 
1489029.634756696643308 
1489815.697766409022734 
1490600.912247947184369 
1491385.285943483235314 
1492168.826493527507409 
1492951.541439470602199 
1493733.438224431592971 
1494514.524194903438911 
1495294.806603485951200 
1496044.152805038029328 
1496787.767743782373145 
1497513.794822066556662 
1498228.956699947360903 
1498932.140688205370679 
1499615.428213762817904 
1500279.661181931849569 
1501003.536689739674330 
1501739.288435219554231 
1502474.615497503196821 
1503167.469135771039873 
1503840.811680402606726 
1504504.112361077684909 
1505162.695808937540278 
1505825.264851040206850 
1506489.365609148982912 
1507122.133042062167078 
1507742.134341751690954 
1508357.506289130076766 
1508971.707403595792130 
1509586.567310229875147 
1510203.123066805768758 
1510821.861058246344328 
1511442.830587866716087 
1512066.045755131868646 
1512691.558852436486632 
1513319.488703774288297 
1513944.803748216247186 
1514568.303347446257249 
1515193.157109303632751 
1515819.860847725300118 
1516448.463879706105217 
1517079.016747876768932 
1517712.006194245303050 
1518347.176907158456743 
1518984.388357562944293 
1519623.563670379342511 
1520282.588149919640273 
1520942.478474790928885 
1521604.484021693468094 
1522269.233787764562294 
1522936.474238605471328 
1523606.032582576619461 
1524277.793667306657881 
1524951.685250803129748 
1525627.661953506991267 
1526303.252143565565348 
1526980.816292628645897 
1527660.546092419652268 
1528342.289101254660636 
1529026.050612776773050 
1529711.822987653082237 
1530399.601982199354097 
1531089.385168938199058 
1531781.171503309858963 
1532474.961007344303653 
1533170.754600442945957 
1533868.553974536713213 
1534568.361494760494679 
1535270.180125422310084 
1535974.013358803000301 
1536679.865161859430373 
1537387.739924605237320 
1538097.642420676304027 
1538809.577767594717443 
1539523.551393829286098 
1540239.569010421400890 
1540957.636583783663809 
1541677.760314322309569 
1542399.946615106659010 
1543124.202097645262256 
1543850.533550139982253 
1544578.947926695225760 
1545309.452335294801742 
1546042.054024111479521 
1546776.760372052202001 
1547513.578882647445425 
1548252.517172825522721 
1548993.582964996807277 
1549736.784084022277966 
1550482.128449052106589 
1551229.624067451804876 
1551979.279031410580501 
1552730.430974964052439 
1553484.099647447932512 
1554240.187017101561651 
1554998.583273817319423 
1555759.242171266581863 
1556522.145147212548181 
1557287.286123977042735 
1558054.665925894863904 
1558824.289031290914863 
1559596.161888109054416 
1560370.292024260619655 
1561146.687577495584264 
1561925.357039781054482 
1562706.309126867214218 
1563489.552701916079968 
1564257.256495349574834 
1565043.553425753721967 
1565830.834041210589930 
1566621.418630511267111 
1567415.113268451765180 
1568211.618002702016383 
1568992.791981258895248 
1569792.653545645764098 
1570593.738227730616927 
1571398.286900390172377 
1572206.057177549228072 
1572998.682448123348877 
1573810.072491318220273 
1574622.890214149840176 
1575439.312238615006208 
1576259.053858082043007 
1577063.610964916646481 
1577886.914518172154203 
1578711.789317541755736 
1579540.372159701772034 
1580354.169704891275615 
1581186.864067845046520 
1582021.362856929190457 
1582859.732699850574136 
1583683.336277814814821 
1584525.848523278022185 
1585370.294219932053238 
1586218.703078336082399 
1587052.320778908906505 
1587904.838524505961686 
1588759.407216962892562 
1589618.025297010783106 
1590461.824255029670894 
1591324.513468467630446 
1592189.370470246998593 
1593058.363321612356231 
1593912.509522101143375 
1594785.536830479744822 
1595660.849037290317938 
1596540.384283388266340 
1597405.046016892883927 
1598288.580567629542202 
1599174.517445996403694 
1600064.765308011788875 
1600940.113413911079988 
1601834.326987182255834 
1602731.060619044350460 
1603632.193922206526622 
1604518.401773595018312 
1605423.468756083631888 
1606331.173800570890307 
1607224.606056252494454 
1608137.211837997892871 
1609052.798027071403340 
1609954.310539512429386 
1610875.101936568971723 
1611799.025330096483231 
1612708.907574475277215 
1613638.096688019344583 
1614570.522256865166128 
1615488.908821240765974 
1616426.616034884238616 
1617367.655979225644842 
1618294.654263910371810 
1619240.985281520290300 
1620190.744103502249345 
1621126.457928858930245 
1622081.516953418496996 
1623040.098762703360990 
1623984.632149366196245 
1624948.523927738424391 
1625916.033527730731294 
1626869.491245282115415 
1627842.321344536030665 
1628818.864366549067199 
1629781.351979024009779 
1630763.226784781320021 
1631748.909669205546379 
1632720.533509379019961 
1633711.560201032785699 
1634706.490159696200863 
1635687.357286737998948 
1636687.643782484577969 
1637691.928748166654259 
1638682.146887164795771 
1639691.801787376636639 
1640705.550357938278466 
1641705.227856954792514 
1642724.360400447389111 
1643747.681785258697346 
1644756.927549772430211 
1645785.647544512758031 
1646818.651500093052164 
1647887.595652836374938 
1648968.237215476110578 
1650055.713270457694307 
1651148.170071334810928 
1652244.814390810672194 
1653345.265233991667628 
1654449.339077631011605 
1655556.949728911742568 
1656668.060073029017076 
1657782.657763803144917 
1658900.742992966435850 
1660022.322300562635064 
1661147.405444515636191 
1662276.003808822715655 
1663408.129607753362507 
1664543.795471384422854 
1665683.014238887932152 
1666825.798853853018954 
1667972.162307410733774 
1669122.117611045949161 
1670275.677780428435653 
1671432.855826993472874 
1672593.664755397010595 
1673758.117556733312085 
1674926.227207487914711 
1676098.006666810950264 
1677273.468874356709421 
1678452.626748780719936 
1679635.493186719017103 
1680822.081057588336989 
1682012.403207334689796 
1683206.472451058216393 
1684404.301575767807662 
1685605.903334048809484 
1686811.290445937309414 
1688020.475593814393505 
1689233.471421303227544 
1690450.290532767074183 
1691670.945490145822987 
1692895.448810384608805 
1694123.812963272444904 
1695356.050370604032651 
1696592.173402620246634 
1697832.194374752696604 
1699076.125547922449186 
1700323.979124067584053 
1701575.719615411711857 
1702829.952100978698581 
1704085.655386327067390 
1705342.079268673202023 
1706598.676578617189080 
1707855.050230937311426 
1709110.913399774814025 
1710366.060042306315154 
1711620.343222156632692 
1712873.659202344017103 
1714125.935785878682509 
1715377.123781961621717 
1716627.190763372927904 
1717876.116499187890440 
1719123.889619085937738 
1720370.505176298320293 
1721615.962866712827235 
1722860.265729017555714 
1724103.419202272081748 
1725345.430428786436096 
1726586.307750765932724 
1727826.060349694453180 
1729064.697974618757144 
1730302.230748819885775 
1731538.669029422104359 
1732774.023304326692596 
1734008.304119651438668 
1735241.522027940722182 
1736473.687549193156883 
1737704.811140612931922 
1738934.903182315872982 
1740163.973961767042056 
1741392.033662266097963 
1742619.092360712122172 
1743845.160021322313696 
1745070.246494799153879 
1746294.361516344826669 
1747517.514705238863826 
1748739.715566077036783 
1749960.973485997645184 
1751181.297742801718414 
1752400.697500677080825 
1753619.181812298018485 
1754836.759623356629163 
1756053.439769096672535 
1757269.230976328020915 
1758484.141868699807674 
1759698.180966802639887 
1760911.356687454739586 
1762123.677349164616317 
1763335.151172429090366 
1764545.786277190549299 
1765755.590689216973260 
1766964.572340714512393 
1768172.739071283489466 
1769380.098628270439804 
1770586.658666464267299 
1771792.426756267901510 
1772997.410376579966396 
1774201.616922332206741 
1775405.053704203572124 
1776607.727944896789268 
1777809.646789778256789 
1779010.817298545967788 
1780211.246455141110346 
1781410.941162632312626 
1782609.908246182370931 
1783808.154452944174409 
1785005.686455224640667 
1786202.510852691717446 
1787398.634172172285616 
1788594.062863936414942 
1789788.803309640614316 
1790982.861819511046633 
1792176.244636018993333 
1793368.957932470599189 
1794561.007814461365342 
1795752.400319725042209 
1796943.141423492226750 
1798133.237033451907337 
1799322.692995099583641 
1800511.515090427361429 
1801699.709040397545323 
1802887.280501773115247 
1804074.235075118253008 
1805260.578298914711922 
1806446.315651770215482 
1807631.452555968193337 
1808815.994374785805121 
1809999.946416312362999 
1811183.313932456076145 
1812366.102121710078791 
1813548.316125991055742 
1814729.961035787127912 
1815911.041887302184477 
1817091.563663895707577 
1818271.531296981265768 
1819450.949669130379334 
1820629.823611201019958 
1821808.157905156491324 
1822985.957283952971920 
1824163.226432173280045 
1825339.969986233627424 
1826516.192536336835474 
1827691.898625312838703 
1828867.092749846167862 
1830041.779361798427999 
1831215.962867118651047 
1832389.647629242856055 
1833562.837967253522947 
1834735.538158076815307 
1835907.752432362642139 
1837079.484982041176409 
1838250.739955067634583 
1839421.521459906129166 
1840591.833564919885248 
1841761.680298433406278 
1842931.065647488925606 
1844099.993560425238684 
1845268.467947279568762 
1846436.492680041352287 
1847604.071590591222048 
1848771.208476540399715 
1849937.907096086302772 
1851104.171173945767805 
1852270.004396686796099 
1853435.410416618920863 
1854600.392848958959803 
1855764.955275526037440 
1856929.101244009099901 
1858092.834266945486888 
1859256.157825612463057 
1860419.075365248369053 
1861581.590299068251625 
1862743.706009432440624 
1863905.425844651879743 
1865066.753122489666566 
1866227.691126413177699 
1867388.243113085394725 
1868548.412306316196918 
1869708.201900593237951 
1870867.615058647468686 
1872026.654915915336460 
1873185.324577051680535 
1874343.627117742784321 
1875501.565585325006396 
1876659.143000106560066 
1877816.362352565862238 
1878973.226607041433454 
1880129.738699050853029 
1881285.901537592522800 
1882441.718004745198414 
1883597.190955751342699 
1884752.323220364982262 
1885907.117601989069954 
1887061.576877709943801 
1888215.703798806294799 
1889369.501095352694392 
1890522.971467232098803 
1891676.117592907976359 
1892828.942127442918718 
1893981.447698427829891 
1895133.636911331443116 
1896285.512348946183920 
1897437.076570527860895 
1898588.332112052943558 
1899739.281485058367252 
1900889.927180433645844 
1902040.271666021551937 
1903190.317388921277598 
1904340.066771541489288 
1905489.522217118879780 
1906638.686106898821890 
1907787.560800393577665 
1908936.148636291734874 
1910084.451932808151469 
1911232.472986864624545 
1912380.214077064767480 
1913527.677459259983152 
1914674.865371454041451 
1915821.780029037501663 
1916968.423631622456014 
1918114.798358276719227 
1919260.906366851879284 
1920406.749798020813614 
1921552.330772706307471 
1922697.651396280387416 
1923842.713753315387294 
1924987.519909447059035 
1926132.071913379011676 
1927276.371796983061358 
1928420.421571804443374 
1929564.223235479323193 
1930707.778765067923814 
1931851.090123286470771 
1932994.159253297373652 
1934136.988083371426910 
1935279.578524014912546 
1936421.932469759602100 
1937564.051798507804051 
1938705.938373035751283 
1939847.594038295093924 
1940989.020626591984183 
1942130.219952648039907 
1943271.193814175901935 
1944411.943995725596324 
1945552.472265436081216 
1946692.780377361690626 
1947832.870070490986109 
1948972.743066861992702 
1950112.401076931972057 
1951251.845795006025583 
1952391.078901310451329 
1953530.102061724057421 
1954668.916928709484637 
1955807.525139669422060 
1956945.928320005768910 
1958084.128079322632402 
1959222.126014344859868 
1960359.923708275426179 
1961497.522731296485290 
1962634.924640937242657 
1963772.130981901893392 
1964909.143286449136212 
1966045.963071063859388 
1967182.591840629000217 
1968319.031090276548639 
1969455.282298899255693 
1970591.346934788627550 
1971727.226454634685069 
1972862.922302101505920 
1973998.435909290332347 
1975133.768697203136981 
1976268.922072891378775 
1977403.897431555204093 
1978538.696159815648571 
1979673.319630377460271 
1980807.769206834724173 
1981942.046240014489740 
1983076.145299379015341 
1984210.073593558045104 
1985343.821895265020430 
1986477.396059782477096 
1987610.799399530980736 
1988744.034593021729961 
1989877.103962687309831 
1991010.009530870243907 
1992142.753101315582171 
1993275.336313712177798 
1994407.760689522139728 
1994851.940172380534932 
1995000.000000000000000 
